0.0 0.6092774000265906 0.36536576016355027 0.6761581707219764 0.4920383327711422 0.5088898405954243 0.7224020695707108 0.5427135493446172 0.624528272303214 0.10111896934650111 0.5473520598816595 0.0027801407484683294 0.9091991654920518 0.06084415290443346 0.011304213628468784 0.8207702282934025 0.9896166017718688 0.5171968144440202 0.18313556952746735 0.19997947196726784 0.9767908770078025 0.2745030282585603 0.15840211300560147 0.5046316673751183 0.6857728371253471 0.34226357449168443 0.7503188756831287 0.17351351050468333 0.2623995846214279 0.41466526294905515 0.40635360982181046 0.46654650238994544 0.6324058691775029 0.48847064639092097 0.13680138488218252 0.21453995717550023 0.6621518432061527 0.8041387562264222 0.9299392289921642 0.6542435204921478 0.4845410947455815 0.07705813388589178 0.6041826943606782 0.42322740039534323 0.3859872044954903 0.26832143460911195 0.960050710840541 0.7589393671372507 0.9688488797526045 0.21382173554377015 0.4169471305985112 0.23326589890773541 0.6611816744357246 0.8353302881487098 0.9297389070059646 0.6595772093714627 0.32297399921881287 0.19143839529159556 0.34283547622985144 0.8195831750917437 0.8200451805305583 0.47187895158638427 0.2936065583088062 0.32482074293958363 0.425567390279597 0.3173898996743292 0.6599339280624807 0.8571217097855834 0.8881895740877149 0.912460347430397 0.14443266975464852 0.702851002057336 0.973169620120036 0.5020239201076138 0.6150188632006518 0.6275900562103024 0.10850868472549657 0.6318950534619785 0.11736750057779277 0.7567346446389764 0.9947949048411788 0.4776789687384776 0.48470034603951506 0.008755434391644057 0.2207723484089481 0.1220515479428328 0.6774283335801453 0.6655352921937117 0.012441998422673572 0.7130472386509407 0.46386390126494936 0.8195590023276896 0.07336237067525608 0.5906255375618382 0.7658209324005991 0.24038305784757474 0.14642125363782188 0.9960767027154563 0.4813968541339656 0.8471973965130667
0.6092774000265906 0.0 0.31574300181614634 0.9085230843918424 0.6593635469128971 0.029537365194524767 0.5373018817516751 0.8565353937293149 0.39371982431375063 0.820494240400317 0.7803001645723449 0.10399445462173718 0.015017001813289022 0.8398049606601289 0.8844672552964261 0.7501737851279032 0.8777663719337861 0.6030128509048917 0.909762442883242 0.8715506642529199 0.5286269812755706 0.5147952536838389 0.2893560500587097 0.1797301181277391 0.8121727349506219 0.01862046415797103 0.77119450525701 0.4208261102933496 0.37714027473884926 0.5003712778996344 0.3984064232912783 0.4581972834734378 0.9552521486439686 0.5429490833036424 0.11367016615461434 0.4860884082324751 0.3765062622838712 0.8266389812069335 0.30762532957886046 0.44272810344907054 0.5087388108366079 0.26450149166208936 0.4165223351713381 0.14587696655701787 0.30502757767720023 0.22742626429758994 0.11863223228185005 0.3702914531313307 0.3366361376089664 0.42800812159535007 0.3860973503701821 0.12230005403047062 0.7506566627975003 0.8569516798522331 0.0917684923117662 0.7064913723499756 0.9561611824653297 0.6808168180400149 0.7155677447431391 0.12376842180122838 0.697104668619227 0.16265068149975392 0.47270070564324607 0.21051463336612308 0.9802546264569147 0.37117269995077506 0.23488395983199228 0.3006099511006859 0.8328689782528268 0.9464510649455402 0.8239885934797597 0.30441344167216744 0.7827218517756246 0.7832201804254985 0.7559189496033948 0.7678334885541007 0.9766430327301996 0.13839400595040663 0.2053596093949397 0.46010205361894474 0.43977824405103605 0.6112301396170176 0.8280463466122363 0.10404055186897776 0.745177289989505 0.6585930606908211 0.3040447503205356 0.30114295200112373 0.45615509799686493 0.2833826492216317 0.6952601907081346 0.5851600887958031 0.11939018050893957 0.022354604676837142 0.35723541322485697 0.0012513460682647137 0.8750486757924417 0.5009007605483249 0.5748029777114978 0.044180543276354345
0.36536576016355027 0.31574300181614634 0.0 0.3380557093070108 0.7308992276088189 0.5188858852060914 0.368236910402548 0.2400199180897813 0.49205857459426394 0.12819701512300308 0.44189190543976886 0.25062424098416125 0.8838474218055833 0.5278294983787735 0.7754253944289785 0.875939331519805 0.5101661444738333 0.1186913702684782 0.38878026456779224 0.7190819989910066 0.14059636072337012 0.981700639308967 0.6810854307489197 0.34355112798502985 0.05028155219509589 0.4627035108048826 0.20880012173751938 0.38441846188970474 0.26696771910830175 0.46973816297274185 0.21752318585172747 0.43351937300065 0.47328646528148444 0.8064050236774171 0.638084910603305 0.05824585791850023 0.8666210462077966 0.09717112656983606 0.6627445094933083 0.7157733125464247 0.43309388100390767 0.7971181118370563 0.04519648995080883 0.3024879008625949 0.049307062103842725 0.9656296464920738 0.9771056876902526 0.9336677621645041 0.14100546942899006 0.3918404340058925 0.9991658859614244 0.1039071525841957 0.9097672082955693 0.130041024497067 0.9600177424142083 0.30308519517908616 0.19169178028001432 0.0563426238103244 0.11051789740310525 0.856231327133294 0.20580510509476202 0.5069057503021094 0.7827646641497544 0.6768071856724509 0.2825527765434549 0.46886542603305525 0.6250955463394443 0.12607118249246763 0.8352595087167882 0.6625711104431149 0.886770999135514 0.8960160356180238 0.8293913886723068 0.5436198182139329 0.716981752955974 0.11638631750729833 0.6710595048352306 0.5336732374062596 0.9516319814271641 0.18869982027988585 0.6306322593397984 0.7768918493495505 0.4516190656565071 0.2837745073344625 0.17230807765562373 0.7124565339776203 0.12070185115973453 0.19591771839944638 0.6437761818046404 0.7873121667823992 0.31156319673125155 0.8139380100175571 0.30433187291454555 0.3330586045932217 0.5105930769578112 0.760189658444552 0.22215258085811174 0.3562963900864795 0.832329565825152 0.2856887207025275
0.6761581707219764 0.9085230843918424 0.3380557093070108 0.0 0.5689635791102287 0.2705957126821217 0.2947670771401806 0.5165152720014236 0.03319241634399539 0.8040504984870969 0.165634001107958 0.2288305684911187 0.3748464402381654 0.12149002608509096 0.5768068775050479 0.6678706358480925 0.10820032058331641 0.21940420701170515 0.027873379901297457 0.4282476287683953 0.9159647083000372 0.25776802295501533 0.8363251179250096 0.32735644404663555 0.6762237149018979 0.6905702850097842 0.1239191910654368 0.8664597357297287 0.2054043605773217 0.7973885383094744 0.61142199648697 0.9442753312255009 0.014882100941472909 0.23247473341059322 0.9547940832579116 0.7575963765366075 0.5615217510294134 0.06941757190780984 0.4842311978861076 0.38896626128288125 0.43735081031750433 0.08283271484217059 0.33465688557586837 0.9156284930146339 0.8806147281257563 0.7176154733730887 0.6124689110015422 0.41532940811746333 0.5808852480846013 0.5928943457863078 0.24822623755197248 0.5064329253640973 0.31713860365938196 0.4012729105073921 0.996286362606808 0.029622502199992184 0.7446703258556835 0.3354608922030755 0.6375203451649691 0.637043810532405 0.7829274619492821 0.9381259010137185 0.9167307438794785 0.38475610897478385 0.18507427381494757 0.930488495304758 0.3460495569613432 0.2383165058640606 0.05426007642378028 0.9008464855393097 0.5483595580928858 0.16533084714752722 0.8521538732037293 0.4172587242900091 0.248697000352615 0.4262311571994153 0.7585936362731971 0.802558266011128 0.4851138077686905 0.129560858227041 0.4268425933401724 0.6037413162411641 0.7068606262728836 0.03597647477289656 0.46845225065104956 0.7700522102033456 0.9905167630776972 0.4214656456177337 0.04637521496449992 0.00948212343390975 0.009107849217097508 0.03150126686847743 0.7647211678151419 0.07625498897283656 0.4358831059538879 0.6184853643009504 0.7277061265904905 0.7390671258120273 0.22914509169250064 0.5527087034266774
0.4920383327711422 0.6593635469128971 0.7308992276088189 0.5689635791102287 0.0 0.995485512219783 0.7431601248784421 0.927052457211814 0.594098595175168 0.6584360787702114 0.727891075246024 0.32481212089855904 0.7399075833857844 0.03474044674313348 0.1514529750631306 0.37711532106890033 0.7269199785495475 0.361539806331612 0.3916103545466503 0.0646885886622467 0.8905475149266647 0.7380471606812414 0.9586866152377598 0.17977432403186888 0.9416588110121518 0.5950954754532792 0.5135242169446017 0.20472384852658432 0.7152127746166699 0.8065170791336962 0.5258879344415401 0.9359620391328531 0.10782954747926332 0.8519578534919745 0.9753130045454586 0.4642274894772941 0.22055575417244455 0.6628772724865579 0.05658969704650085 0.40323798227158014 0.18286332644153236 0.27217815380369714 0.19220535347166812 0.5872789058940093 0.8599492779249485 0.2258273529763446 0.566849960861759 0.9959041074116812 0.2627292347184308 0.4702509865787774 0.9942821090236134 0.8532694418388326 0.21464438214434556 0.010764049164039724 0.5151770509742983 0.46276344414810466 0.5828704815665018 0.7189052755242537 0.6231417751569894 0.7073069409695089 0.04314584482275485 0.5513723066395978 0.560824722610962 0.9059713798378533 0.16451803883715854 0.030525599472531972 0.5020627389676635 0.5434260398281963 0.43823262676325037 0.5967663839310952 0.038014273683583566 0.9038103238261521 0.7712499598511549 0.4371690484905265 0.22701535995228328 0.8762567370380747 0.3677056277650116 0.1208804458852506 0.7162821694991897 0.862426237932823 0.7200868667304617 0.6752945278697677 0.7509773260872794 0.9624078024648103 0.8353722798400925 0.5024134522537598 0.3381359850479938 0.960647531079836 0.8679237495425031 0.8335297657072003 0.1666054399804705 0.8157539659022562 0.8201182089305403 0.02263559409200344 0.5363847996738511 0.37913803868284324 0.5534188325108177 0.9717731758225582 0.23652835831675956 0.24762140613735706
0.5088898405954243 0.029537365194524767 0.5188858852060914 0.2705957126821217 0.995485512219783 0.0 0.9664253554032097 0.6529692391648676 0.766303777379813 0.05678594839329543 0.6202690566732451 0.2066407530097194 0.9351437011802014 0.3125264244014544 0.508830259347646 0.16339737924952957 0.570195568396291 0.2953973762482278 0.5126876897009692 0.7507518649605779 0.06114666609093178 0.5143577367895182 0.7170019572423992 0.6476596851481697 0.5826199637226407 0.9344759797853364 0.5841888258956776 0.06873250673649389 0.694600521147689 0.03900216724917838 0.8348764968477375 0.3392263639407368 0.7264533652515262 0.8811348632254836 0.9951678608985904 0.8166603921570265 0.8421864026195548 0.5500528866153372 0.84507585980943 0.3747663073248676 0.7701543207606862 0.03205071276945992 0.720669569034279 0.5038029347514928 0.4393459876920779 0.791080901204331 0.5675120567560376 0.3739330493721048 0.28228448040615006 0.843750362954892 0.3773225528030787 0.3532695389083005 0.8121444251586002 0.2012270525402926 0.08022154022483385 0.010880509960778828 0.3887616200441496 0.9014487179592209 0.060477819815394795 0.4700372892620339 0.9414625195647307 0.169678715717273 0.8195527281859594 0.11432606110514021 0.5876242233509289 0.1472310649700631 0.14464972844449786 0.8334886877743581 0.8249594015788693 0.5524214835370412 0.859583988783771 0.7639771077282295 0.15196075096254202 0.7011974349750337 0.1585545501611575 0.6350510021236598 0.21311478852002985 0.09898234246439341 0.24365311678269042 0.6929167016197983 0.9981234758060236 0.9609245091282214 0.03575025527393538 0.5922313250487439 0.6747411808504808 0.03998239986418983 0.9276958727500353 0.057196246161525965 0.3225999179282397 0.8159235504026152 0.2039005521146039 0.7117812236311262 0.0032069401488332705 0.22081023753369733 0.15987056962517454 0.4418204274951584 0.38696213206907515 0.33463932244379224 0.5717558424020348 0.9383730291160066
0.7224020695707108 0.5373018817516751 0.368236910402548 0.2947670771401806 0.7431601248784421 0.9664253554032097 0.0 0.27262911602711637 0.603541721703988 0.7236881933143707 0.9272344404797479 0.5555783475631952 0.06232275887110372 0.11835553889207007 0.12031664158541966 0.6945765636605056 0.1096124132810884 0.6356665415494902 0.3566738945027663 0.13352898610250175 0.009154956423802707 0.5663953978967056 0.6740107831130214 0.3543495020773487 0.25242202369050026 0.1226896541437067 0.03576010607133451 0.6965168307031038 0.01567575577033642 0.18899890112382745 0.6330705084602141 0.3056202037676017 0.4829992803882244 0.2231637348913329 0.3398214008616547 0.7005353928117927 0.05025027415730832 0.30519624988388305 0.09305935817621236 0.9012855506246603 0.14151660569913338 0.5461380065459097 0.9040081022138646 0.06651478664566601 0.6332134588200018 0.47865100937240845 0.1649555459260469 0.06273311692938532 0.6339824534306795 0.8169403634061533 0.10835565947303005 0.039229610825148975 0.4198295506569635 0.8367697064007484 0.945912599019829 0.46177605948186795 0.39659006407464303 0.37961897983064674 0.4323151962193186 0.9056778704113161 0.25012556368046046 0.04268615010810661 0.6914604212769774 0.887328516361569 0.9330345815392049 0.342747017150543 0.4093266270939071 0.06061086782039771 0.5751556877733535 0.5156890186139226 0.5913447026166454 0.654178554403376 0.9425811238259553 0.894449923324916 0.33530298030373884 0.8059758170878394 0.839736137869507 0.07328917791734335 0.6415676338356192 0.5273204302149378 0.7046943202880896 0.01186954628620518 0.660233970369433 0.7033737385050896 0.5376095630358788 0.16414157060503265 0.4318005248170852 0.833777043960956 0.9006072490285152 0.18837139048159768 0.6541105995548581 0.8475944973508734 0.4202456678378512 0.25542348864948716 0.671807568212029 0.3276508208620966 0.7441885864188016 0.6718739878272971 0.8472147001585586 0.45261120437329827
0.5427135493446172 0.8565353937293149 0.2400199180897813 0.5165152720014236 0.927052457211814 0.6529692391648676 0.27262911602711637 0.0 0.22909893075237153 0.4248120475466324 0.7695934395022624 0.6045701549247786 0.4754561143259054 0.657371579380381 0.31116334018217473 0.36360877062527386 0.6116534380228983 0.35242391884595825 0.2557791752520222 0.5005059415749259 0.96554875180715 0.9925171613837643 0.6863138111708802 0.9954818422074394 0.5004566156307799 0.23501053112232118 0.5199352112591384 0.5051974477399102 0.22847638889386634 0.0445842363613822 0.5871174969046039 0.12114583868047524 0.6766578628306226 0.729193191043035 0.2860782986414181 0.6544600208661281 0.3501276989599237 0.9311723790413368 0.6932299922954236 0.1641083091656551 0.5907117666814111 0.7886664885597529 0.8864489421904845 0.6966106232536908 0.7103809554024473 0.3855952665827842 0.8704377339312643 0.827572607684306 0.7976984121242092 0.2925609317168639 0.18122280567646687 0.5202145839438836 0.705692068618491 0.27114338423758333 0.8181395594881409 0.5836877660360489 0.740554039552919 0.24772121764961508 0.7976357934327011 0.27640072686578243 0.038658196958899715 0.7530331560503235 0.9998356260562022 0.8806675206652056 0.43967180519267846 0.07399567472436963 0.39647658993361445 0.9132756169118332 0.11343256941054147 0.13644808905654038 0.023892217937904525 0.8082625659549088 0.7935008925991371 0.9372881107716056 0.2710229511871356 0.45997145897942104 0.717318645700004 0.6677505707268918 0.16144261452247288 0.7963538109488125 0.7270528683804692 0.518008080934143 0.33493882721720714 0.4541451609715077 0.6102238751628133 0.7652530533807685 0.0667571067935947 0.4073533865876974 0.2549426480403024 0.4388060705645048 0.8937958644133157 0.1735553312286755 0.008058590035067592 0.9035109443424463 0.8084556175575409 0.3084378746946691 0.30247365087250944 0.18265865306521256 0.9803643452848109 0.6713360516191447
0.624528272303214 0.39371982431375063 0.49205857459426394 0.03319241634399539 0.594098595175168 0.766303777379813 0.603541721703988 0.22909893075237153 0.0 0.9210203891103809 0.7323215471576543 0.2832240382170127 0.06772852612890423 0.8397735173349509 0.28861087531618035 0.6476207424198414 0.2617585901419194 0.9613727291950038 0.9881355305065831 0.8257241160482037 0.9593154171796902 0.8797630350548853 0.23300652388327137 0.33222698717069843 0.18708263411458625 0.18408017949622235 0.43877317641527014 0.8307575399173225 0.8893873548490433 0.4545332376782294 0.35125998006645187 0.2773399703249516 0.9130271276443082 0.6004982310166233 0.7853771275128281 0.4013552912271766 0.6454787245093925 0.007174886972279859 0.7396607342130127 0.11503093529324349 0.025340751084139246 0.9893952611792806 0.7438937458303225 0.5779377382850102 0.14099470975360628 0.1222529150258157 0.3228835472714686 0.980110841486904 0.8362792677278168 0.22521933082186663 0.6729909214633356 0.027791289453856893 0.36749059648894133 0.8732337136695606 0.7814901924190133 0.6004849966824941 0.02422858295338115 0.9333963261834172 0.9256342391121116 0.9689494455357934 0.2579257006929562 0.5976735641318055 0.5713766958505315 0.6345389015663653 0.7750582563868347 0.8054439969352193 0.10129517300180801 0.904118749224652 0.6520466221243895 0.8120869150178458 0.5834065538846306 0.0641072768921005 0.8611054884706852 0.6941573931029072 0.7094375485108622 0.6956447550508257 0.5244411564733401 0.9628666092084058 0.5054823273923948 0.05416372698530003 0.7580323162639329 0.27570893581741496 0.2675135774092575 0.13318665087532977 0.5357897104889799 0.5889312634713019 0.23200775233849757 0.42811673016788643 0.2805691710100393 0.8047185360994433 0.9402676855151657 0.4604771611439069 0.3413218932754082 0.9891651191853955 0.10821163221708985 0.6412436112901532 0.7458965132941516 0.41826765711843716 0.16967221887195572 0.9154429686602358
0.10111896934650111 0.820494240400317 0.12819701512300308 0.8040504984870969 0.6584360787702114 0.05678594839329543 0.7236881933143707 0.4248120475466324 0.9210203891103809 0.0 0.012354611416840688 0.6485384782223531 0.016498748780916284 0.30017756504930404 0.283221077869656 0.40747793223847706 0.8187788014230023 0.31094499200450243 0.7875677659736747 0.8013789469598255 0.34436661947655756 0.5518457328137717 0.47713670572664924 0.16750411356991812 0.7244998361439026 0.6970538592847562 0.8287733536084274 0.0534668274843898 0.12407527076705871 0.7887078716245504 0.7279313640343914 0.4128001205809262 0.00530950906374561 0.19389513738913045 0.8851582341919835 0.35630886043771226 0.5491893194055274 0.38410103222746206 0.8555898603022405 0.9421570278063292 0.2464238118319393 0.9346138451328636 0.19251144344270332 0.42244150397134106 0.40847741803751925 0.9017589171456689 0.7800168658199833 0.14726387124266838 0.16745339009490834 0.17792074814550551 0.8442583723845053 0.32640894868621906 0.9093313091906913 0.21453843902172498 0.5232992970297609 0.7573464271034026 0.7091315967179446 0.08820335752953057 0.26980984338160097 0.18419205308966202 0.3081092083510295 0.6871757213408656 0.38216324031193294 0.5500365494569468 0.4758794674453791 0.49027136801497273 0.6498988518614027 0.2951495930939628 0.6548089244651785 0.5081383495134717 0.3103692502598816 0.10680218294486787 0.8616552488183187 0.8804299074024939 0.9888050410917081 0.32379012966357423 0.43555170801369547 0.6304954382821354 0.5360598741258482 0.07323580690201925 0.37633817351066545 0.3589797128832878 0.7740791572679022 0.8105816659965882 0.9014194364713825 0.6551277519333025 0.8375462041067906 0.6482204119832443 0.011737636315137023 0.6900883361892818 0.35389340028723015 0.7720435880035298 0.7844364645111619 0.767359892414702 0.10862677960640965 0.40542948359992514 0.13177423670364052 0.12167567165033788 0.9321839589610963 0.06839772318840598
0.5473520598816595 0.7803001645723449 0.44189190543976886 0.165634001107958 0.727891075246024 0.6202690566732451 0.9272344404797479 0.7695934395022624 0.7323215471576543 0.012354611416840688 0.0 0.8292830340996713 0.13003559242864315 0.6038633876067387 0.045833264888045844 0.34620666104519293 0.9248801359841272 0.9351690689483809 0.9793275645637286 0.6122640142562924 0.9260585036278819 0.7624591739237024 0.23836501903596852 0.5730604628560594 0.411236359299759 0.23907082550090464 0.8583418255634092 0.06447318981195238 0.22053485399527006 0.4859077666703182 0.576143119261857 0.02525450463846357 0.7245113985087955 0.5379966741315189 0.6459473996215914 0.47606055309872775 0.3201504763965891 0.29271032113867157 0.30575118872786455 0.6059171030168555 0.433451985750843 0.5964774050933507 0.9291758801669802 0.2897125226337216 0.34474154716714944 0.1478796970990326 0.1681393280104193 0.3938973330028881 0.3679063514377374 0.4833695369842327 0.042246903237880606 0.2999285451626429 0.45316280509220785 0.47906755185455663 0.5358424293776222 0.3821815922839519 0.02727877733526829 0.4864674655628647 0.982909008712712 0.04104769682437892 0.9187907874949194 0.10850993468224424 0.399641064852711 0.6305699729524317 0.46119299939485614 0.21375526924575683 0.865136357308064 0.7471900115196108 0.399618784581371 0.9846251984775417 0.5531353592766157 0.4408769165069404 0.9754130635194056 0.8533198244769427 0.2254525780490252 0.5899549533211359 0.46355618633317375 0.8827972490340757 0.022996312303367406 0.6182251338002693 0.5185914420295511 0.09849670411161093 0.5737903896004434 0.03674746070308499 0.7694464605402445 0.9096427435383919 0.10737658256892346 0.2281874115616016 0.24922528266223332 0.01891530859186419 0.35564914206710974 0.3075423462197282 0.1154272846768295 0.3567094240744394 0.6108214073650834 0.9274259293776618 0.28006576053135557 0.7645278617521107 0.1094568320134447 0.66492920214384
0.0027801407484683294 0.10399445462173718 0.25062424098416125 0.2288305684911187 0.32481212089855904 0.2066407530097194 0.5555783475631952 0.6045701549247786 0.2832240382170127 0.6485384782223531 0.8292830340996713 0.0 0.4815662207664646 0.7895808580966674 0.9932861859127641 0.5317531709277589 0.3554045243141162 0.12946086681259206 0.34076275099991715 0.7825814742661555 0.7923468449717406 0.33591963565936167 0.37348478806793106 0.1448692801289556 0.9394143031735405 0.3578406076341356 0.84669411872266 0.5181954216467101 0.45964183715612383 0.9228017637544111 0.12663408379043062 0.008896636161390026 0.9156839691838038 0.07306198177974399 0.6300100934422803 0.16572659307576287 0.4871605885441981 0.8868360020794676 0.7318809125532335 0.14727538546151298 0.8589011193309624 0.42795236620129684 0.5427999589417318 0.5475824674267153 0.5316808068616523 0.32422514003042857 0.3764779996831703 0.3964547810913315 0.47193649338151755 0.8188100499972651 0.15071141306916336 0.7531762042019393 0.14869223126269837 0.5586262071605049 0.14718839442569998 0.6729786471204751 0.2644476082388796 0.2201641400051657 0.4319558780608729 0.2618937922278549 0.7294061409807417 0.6738080674581517 0.15096296784267438 0.16067917527431752 0.7063630711817572 0.011118168910874027 0.24076606824990643 0.4749588688602048 0.6773752739068124 0.4525738381265272 0.9645630893057828 0.7574261075150072 0.6874306079322131 0.8078148510351933 0.7282095258705346 0.11213739820450341 0.30054996248831667 0.07762437307192838 0.2731174152886956 0.6868649910395618 0.9367199719825562 0.6724866889411828 0.04923559501219843 0.38930734702283043 0.7866764054169064 0.9124459205502278 0.03903625337156702 0.3121054997650372 0.20228143064346793 0.47933737560518397 0.24368925418323695 0.8392409978276291 0.5950251766204111 0.9280320534449141 0.4855605896200744 0.9457552308879625 0.548909197736215 0.37511416728957636 0.3918672186986978 0.45514307242060303
0.9091991654920518 0.015017001813289022 0.8838474218055833 0.3748464402381654 0.7399075833857844 0.9351437011802014 0.06232275887110372 0.4754561143259054 0.06772852612890423 0.016498748780916284 0.13003559242864315 0.4815662207664646 0.0 0.20622802944206564 0.00809487006677967 0.18311198383105354 0.6349965542804458 0.27835522900558973 0.31596383613453527 0.246294628254083 0.05659881417290691 0.3076580945368409 0.9969969216134092 0.5976326091697886 0.36911795035850825 0.10312924054755901 0.3066672689697555 0.9507591876999525 0.8424082874205577 0.1984735569460594 0.9115215130357932 0.37829918010832586 0.7352542355814758 0.9771840891043277 0.570578995450923 0.8423189298569821 0.03111408084009004 0.02536234775420021 0.8856086634000284 0.7865949770613392 0.1908026010145285 0.809126660006014 0.694019380425532 0.9860668247508724 0.3479042160186302 0.04006028053493327 0.4704043493498259 0.0381651615821933 0.8336303332079256 0.3098147870966075 0.9331805104276252 0.19803411436212048 0.1029852158755814 0.1544736952281136 0.8869528530051306 0.6482224364698302 0.37996643007420283 0.5235681949991787 0.47347570031541153 0.87789707068161 0.34248168642925136 0.5468412142705755 0.42692085659063883 0.6957500858907353 0.08837379300294435 0.036532534762043434 0.9654821522510131 0.9482217246995668 0.9688599943880102 0.7202511832029019 0.199952110962477 0.0025987490535988034 0.3655867720939676 0.7045172941598166 0.8682809809316189 0.30313362068150085 0.35735673979294325 0.3601104741990808 0.6618153336156501 0.24648936348921635 0.9800449674881163 0.10692957659747082 0.6963143024603844 0.23196481823383042 0.8119831773566236 0.003813479850918955 0.6176863911763757 0.2942952311310256 0.9682381847191335 0.3143851417143426 0.3700469759867422 0.4098245589002266 0.9502365724984582 0.9515704526822473 0.8142465749794141 0.47126417309443613 0.44570287592216196 0.813715896254782 0.005902915799536168 0.9100809732681518
0.06084415290443346 0.8398049606601289 0.5278294983787735 0.12149002608509096 0.03474044674313348 0.3125264244014544 0.11835553889207007 0.657371579380381 0.8397735173349509 0.30017756504930404 0.6038633876067387 0.7895808580966674 0.20622802944206564 0.0 0.7135638997763385 0.2697415772624524 0.9263549200760821 0.8653195694448391 0.06380070382109515 0.9137509059976109 0.7205996117660886 0.16293771519979028 0.7994625157085827 0.16830664834621234 0.5600622502206629 0.2062010815386034 0.8885020420595956 0.1535736997543532 0.5179015370915804 0.5054573828403262 0.8904738003753028 0.5432607553429654 0.8080113021061786 0.1293338800491871 0.502279099860226 0.006858767810272837 0.4657941041695828 0.7331866442755663 0.15839088083104524 0.19588962914292207 0.6431428618639718 0.4393866171130193 0.8969735879547078 0.47636860497553324 0.10728413959615957 0.07219579637874662 0.5889001751218947 0.4037917564723802 0.6620011313267766 0.2554358228510729 0.9655317039448749 0.13074037952753037 0.5492274226055244 0.7091104006782414 0.600112419243065 0.9388671970654401 0.464742073005193 0.0620051775795607 0.5673051811317025 0.9537349322876641 0.41853341147641077 0.8857915490997443 0.28104979939550345 0.7823837545126551 0.5943082386731738 0.3012783178337286 0.964779219764189 0.8006304112280788 0.1858063423525993 0.4266842997707343 0.8667499893812064 0.5994156982361791 0.5931172783898297 0.23816677970286493 0.2117674020149951 0.499297021222858 0.2481383969132953 0.10778879296509003 0.13418312161514134 0.003174044178652413 0.4800340245098056 0.6893455307170397 0.4614320912789944 0.5524956982999031 0.6797127338962766 0.2632361635899224 0.016587272358371097 0.9429119473639517 0.4812907375378219 0.2824359772322663 0.31991360630013477 0.5936995329795999 0.040292308670782484 0.7405513427829464 0.6679864434111429 0.35192525952269904 0.5651682464291984 0.6298226473663274 0.9528964205773796 0.6653348684693039
0.011304213628468784 0.8844672552964261 0.7754253944289785 0.5768068775050479 0.1514529750631306 0.508830259347646 0.12031664158541966 0.31116334018217473 0.28861087531618035 0.283221077869656 0.045833264888045844 0.9932861859127641 0.00809487006677967 0.7135638997763385 0.0 0.5979964504428781 0.07661788751505505 0.11672874159018032 0.5777738633689915 0.7757577801201709 0.9200963651802054 0.24896360816249674 0.19993967830755655 0.9063514696744632 0.8965787841933123 0.48817466771496676 0.05101840354397891 0.011848624710531053 0.9183623700577356 0.4799007411684384 0.8410601960016851 0.6632673443975522 0.07273163431204 0.22250344374533393 0.7726867550067475 0.7345776676621605 0.9321420730637265 0.904325287720771 0.881030551866307 0.17028862254371624 0.022024660534575524 0.753384739814517 0.6074245391443661 0.7416936865685123 0.6553854148596601 0.7720486403782076 0.2983487033300838 0.5323734293955191 0.18278414784503205 0.739758552898549 0.26938804925869697 0.27950518457786155 0.9954708990675883 0.9193405771733861 0.4592428905073619 0.6066656108990309 0.22792103976540345 0.0512078655548599 0.3116625941901271 0.3870860748267969 0.295662325009148 0.38622568288836223 0.04758806279755834 0.13082323312828836 0.6957478239354533 0.056639596854186514 0.1729174063053014 0.5355276127978301 0.6410328370307994 0.4048337863728704 0.9563500635803218 0.6288205576717883 0.2921294291090436 0.35188538245359224 0.973530017845267 0.0231927679749373 0.6623805238260624 0.8625646555291647 0.771378148223662 0.9932119048280968 0.40589801903552103 0.25540785543311206 0.20303547101215758 0.37816529989394365 0.4484013901973368 0.7493317078017034 0.5615944402440876 0.9056203518203485 0.5179246820076099 0.34812553265281376 0.5237075402878493 0.372135472939473 0.2549368521265467 0.6265564899995928 0.2626113569115429 0.5930599487863455 0.9703372176109165 0.37273965317132696 0.9765464824486012 0.33417503553447303
0.8207702282934025 0.7501737851279032 0.875939331519805 0.6678706358480925 0.37711532106890033 0.16339737924952957 0.6945765636605056 0.36360877062527386 0.6476207424198414 0.40747793223847706 0.34620666104519293 0.5317531709277589 0.18311198383105354 0.2697415772624524 0.5979964504428781 0.0 0.624318883170338 0.4238199966565863 0.005866110102917599 0.6072122446882189 0.25943261731409706 0.05460251502466107 0.1700451183718683 0.013139541028188817 0.08218883915126196 0.7640817039501306 0.5725519985259703 0.9794439123180378 0.28876946785271573 0.7361898077903766 0.8585892466260919 0.24227032919474123 0.5235817662605406 0.0281279114020222 0.3057093406076955 0.2586884724022924 0.14060334729726987 0.05519466602514422 0.24594031936870364 0.2058567844111625 0.891854753656402 0.1091921270644598 0.057190383967630876 0.2875546836225402 0.3077999698957966 0.31543440836578895 0.7829488110441261 0.7668719382328706 0.8726991685785256 0.6323506046434104 0.6321875393878951 0.028259844319008964 0.26121800877004375 0.08531819539841334 0.5621295068387748 0.5746318248135188 0.9585681104461742 0.5536734566453815 0.38664986432981074 0.22774418736041047 0.5196812218567883 0.5583097113038948 0.11331987891381401 0.7363460387700024 0.5433509974261177 0.7250733959130145 0.3223229542501186 0.7711304847351628 0.6015113355575791 0.7920245287556704 0.3547177874724097 0.776526096102788 0.06468265918213545 0.4325939025120218 0.42083362521192613 0.9391934489865721 0.5457436548579621 0.42587382110569827 0.06772943266536147 0.99193559868865 0.555491868438053 0.2183536287150184 0.65921737370285 0.37926508775607726 0.0619369188140918 0.8651208530712694 0.19158896516173018 0.6539133062828397 0.35705013156870635 0.9222513160668799 0.3367254152237338 0.5681879497248021 0.904413406011141 0.49536071393702874 0.8990907767797687 0.6241088767352542 0.6751236045956236 0.7314099092680331 0.874082373074453 0.9309674731712848
0.9896166017718688 0.8777663719337861 0.5101661444738333 0.10820032058331641 0.7269199785495475 0.570195568396291 0.1096124132810884 0.6116534380228983 0.2617585901419194 0.8187788014230023 0.9248801359841272 0.3554045243141162 0.6349965542804458 0.9263549200760821 0.07661788751505505 0.624318883170338 0.0 0.08373071314318847 0.4053638770128323 0.49778893395575485 0.8824303451501301 0.9453392962966238 0.7523613894006692 0.7363774142246454 0.10393335863802267 0.9282815559154262 0.7107214696157758 0.9857073130255639 0.5743993766097978 0.09436184142748594 0.6556659907063749 0.024056659936627867 0.10299777998007686 0.13871988699257265 0.39446509845286937 0.9502077088138009 0.16141006607498998 0.24065062336750553 0.7076397699748261 0.39312072522605934 0.361128788248272 0.8725235851339694 0.6400040158969968 0.2667391961409167 0.7473497675269514 0.11301312722961687 0.9290995666690985 0.4774252236861294 0.2727401201267686 0.5941692373836389 0.4351837348565507 0.708744390861742 0.3263078385659751 0.74830557787366 0.10471954227508373 0.5667715075801072 0.4440067111035608 0.9387640221017487 0.3756679896211671 0.3394747750629654 0.3113302795249103 0.574599760455094 0.12434194103295326 0.5830347089732204 0.21714176353944492 0.8705428693590314 0.4650884517977856 0.6996003988509691 0.48374952715567465 0.12354492436719 0.1988019293797697 0.23930851769663986 0.7594192361367518 0.34261940507975297 0.7673068510008211 0.02615609630571003 0.8669609284729041 0.825607502314122 0.7319420163670369 0.9333832543646061 0.0638688091652917 0.828576055459151 0.6029409290380371 0.08249279063234283 0.13764876797804337 0.7682432115345043 0.5852139151474159 0.5473204771261402 0.47920545236433 0.40747592668082067 0.10205752220552267 0.89669911252267 0.5865455217438593 0.13900829287703076 0.3627163520209067 0.2551581404442378 0.024653624322696244 0.6925079448083316 0.4305406841106776 0.3812849250957768
0.5171968144440202 0.6030128509048917 0.1186913702684782 0.21940420701170515 0.361539806331612 0.2953973762482278 0.6356665415494902 0.35242391884595825 0.9613727291950038 0.31094499200450243 0.9351690689483809 0.12946086681259206 0.27835522900558973 0.8653195694448391 0.11672874159018032 0.4238199966565863 0.08373071314318847 0.0 0.6996886247451268 0.2335080049204349 0.28638752924739275 0.5406894305052387 0.6681740393070593 0.5230039559971587 0.7777911963773544 0.10776402464275814 0.8051881613452003 0.16240359123125747 0.07652370281598675 0.3116299010998731 0.6665185973347486 0.48540924476507785 0.9468934447571355 0.730779911061685 0.8395893382016264 0.12808068491369373 0.8114782576296007 0.8235312481892496 0.2950561967078059 0.654534920041709 0.1769600237437572 0.11353919802175105 0.9704706968044075 0.5415203536524289 0.7591658394216032 0.7578496303137653 0.3285097061285517 0.4432651221754119 0.7925670561000806 0.7444097820210922 0.3352899065628462 0.13275264405093268 0.6275308318746731 0.20370698662270037 0.4185036351420087 0.9579505360518316 0.07553478300911431 0.335856954754704 0.09319082260210854 0.8866838478157004 0.29736978597009667 0.8745419537187489 0.6833742220204149 0.012309437220305641 0.32096727312662077 0.8144646344749495 0.24794782216061595 0.8681762365285516 0.031059883291747692 0.7066687060269795 0.02165957327768253 0.8836722407323381 0.33899910223644114 0.27378527842293854 0.5711005030571996 0.41948977193072656 0.09483286544254821 0.055954696826135186 0.5178348141618142 0.7482482772771452 0.5268964501891472 0.6930956295815236 0.6052176886398992 0.4779237448802566 0.6654050150376914 0.8101862044751941 0.7598261792701296 0.28357069576099414 0.36736666046173916 0.9588655689762717 0.14693634298638536 0.5064698377568919 0.4578086992567666 0.262670791204595 0.42454168575938345 0.36142575301590485 0.6443737339636647 0.014493739715808474 0.49145885326698424 0.8236385266349802
0.18313556952746735 0.909762442883242 0.38878026456779224 0.027873379901297457 0.3916103545466503 0.5126876897009692 0.3566738945027663 0.2557791752520222 0.9881355305065831 0.7875677659736747 0.9793275645637286 0.34076275099991715 0.31596383613453527 0.06380070382109515 0.5777738633689915 0.005866110102917599 0.4053638770128323 0.6996886247451268 0.0 0.704243273583474 0.8801020022390506 0.6178725250881145 0.3197621198955407 0.992228190718505 0.5034399012347658 0.7138963655479497 0.12938905433053172 0.6348209405448668 0.18403212781942258 0.6455266970393077 0.982174673714903 0.3729031892393203 0.13168950317539174 0.9488555958192746 0.5173561694055877 0.31224780949776276 0.5129205228642929 0.45436555722525374 0.2547961540782142 0.7341731615936772 0.1801729269613206 0.4370184861730112 0.5140568064719755 0.5468177808997203 0.5859393706266056 0.6449566648500507 0.7918310212943479 0.020721462199325358 0.28525122475469755 0.8064473467931115 0.814157304829403 0.10350449299861098 0.4673763897919043 0.18622570967703167 0.6506903375521624 0.00757213295341308 0.08582045037031505 0.6236843669514635 0.5319612784295844 0.8769376503065498 0.18541992374721394 0.017559901739313655 0.4318301683887096 0.5037690110226256 0.8683236209151446 0.7106637358272946 0.47864156877228237 0.27840907993716313 0.5194617390113543 0.13164698539674313 0.873856867923242 0.8338928798036503 0.9578903347384666 0.2934391346250572 0.014506960278867775 0.4007300921369392 0.6453468453040948 0.7741918543583696 0.09223789759711298 0.5739627336778456 0.09157871873513046 0.783135835815237 0.6309228165119052 0.6206967470599352 0.1723912441174409 0.9019352887884947 0.9057753884211044 0.7020223722641358 0.8483793417886236 0.02324321215840841 0.7877528613941414 0.7452866618647099 0.13936427593262535 0.8644480182663352 0.740146759939312 0.3627089574442076 0.12614982328246738 0.9029507264980082 0.9176779175475815 0.7201605956685936
0.19997947196726784 0.8715506642529199 0.7190819989910066 0.4282476287683953 0.0646885886622467 0.7507518649605779 0.13352898610250175 0.5005059415749259 0.8257241160482037 0.8013789469598255 0.6122640142562924 0.7825814742661555 0.246294628254083 0.9137509059976109 0.7757577801201709 0.6072122446882189 0.49778893395575485 0.2335080049204349 0.704243273583474 0.0 0.21877499017498447 0.6983586715764949 0.2657134260978482 0.9086003246084984 0.5104569039964333 0.09038966190273101 0.020735091829568342 0.39307712739647327 0.6608627985708841 0.8812676089464132 0.9220319963343928 0.48250254597757514 0.056506923720004654 0.07415983289566086 0.0912031067598853 0.377260276250428 0.9706267516822001 0.6463224029604141 0.1797360660217049 0.7845750663536175 0.28549369444932793 0.8796259795248144 0.5494430762817779 0.5005291523604795 0.4709981800972539 0.21808512356996723 0.6783534134888108 0.8807540630712726 0.578462804035259 0.9373472012761265 0.4471088919812143 0.7444059253536249 0.7784046873259336 0.8968874197814058 0.5268590589349937 0.04947618052635672 0.5081307092554139 0.2242706498228476 0.11988327668892296 0.19201033608911466 0.11475708560582087 0.9568200815300419 0.3427934022914547 0.2227633088308526 0.21133201427289672 0.3007750378225309 0.5957617034591586 0.06408600206536075 0.4257770124331436 0.5103809631211011 0.7488663045985504 0.38689415269923144 0.6661908307863886 0.9208730114081259 0.5770810006779502 0.4935668691212184 0.241879934630296 0.6495799254554221 0.21802662452284383 0.49354171503929256 0.6731178480837441 0.24225538736017194 0.19587115911273145 0.5986032026378397 0.9384025292414633 0.3511038026714314 0.8388327807002012 0.6462285986571831 0.8992671663669735 0.24389443780136566 0.8165105295828562 0.051339205990245995 0.8600473092394156 0.6234552715916107 0.963116232692782 0.15023354003650013 0.5911260900452173 0.024884914548533588 0.9799759056018227 0.7912444309304125
