0.0 0.8826997840074743 0.2727409008484213 0.3504795672290001 0.2607969998045534 0.38659014433939554 0.18605780358661783 0.5893386268232973 0.7314642761417147 0.7230686483195837 0.8340859857193647 0.5357656285206768 0.797402757396749 0.8997591516974331 0.6577623524985342 0.05678494674714307 0.2310275495530114 0.6486155881493445 0.06514907929796387 0.4374627581095627 0.715183722948678 0.16465599314630974 0.3537837544198198 0.4108755283432426 0.16783304765552254 0.8157718794125642 0.7036602308325931 0.8873157531957678 0.09457001925250108 0.2282094605023195 0.029327596688359936 0.3217014099586547 0.18980975239611042 0.7517431543579401 0.019181648917055094 0.8343201262448356 0.49745258095875433 0.12220732375682986 0.1375327273634681 0.5673720533152402 0.6896589580459106 0.6085592375713376 0.21577366015752597 0.754646394368712 0.9279035153303412 0.12293041217447376 0.3207765110693107 0.04257751509309282 0.09572786624564189 0.035471818112379316 0.4777075181208067 0.8559021586683782 0.5945688507064623 0.8675526114270721 0.19237738965837536 0.9211899210792952 0.8843928218875434 0.35251151836694006 0.41953369704030985 0.7877906324703999 0.921201978055178 0.26036985616178676 0.3269917428155972 0.4731572900153921 0.5384853058001666 0.8630813003077162 0.23402801772100645 0.014917602993375079 0.8807189397758315 0.22134728049326535 0.4755611809248187 0.7430948999236634 0.45283680062545195 0.20433771075272722 0.1358897318131993 0.8315811195706314 0.6089015355014048 0.5891523068633366 0.5073605982793206 0.44855069681717863 0.0193794939957862 0.7653816687803712 0.8484730452780651 0.44339804328658095 0.8268591788202189 0.015734152230567955 0.8874829941540358 0.3555255223648859 0.18903566089478552 0.014409805947372956 0.6918122649588379 0.460473657748917 0.5029451544816724 0.9190216685330775 0.07779512486365892 0.4743734317503605 0.9911743192340836 0.21589085839551403 0.6504384373734428 0.0603846756610682
0.8826997840074743 0.0 0.38074674770133554 0.2475745877242953 0.6197902005274849 0.44476642323081506 0.20972512739669802 0.9168302458636479 0.8919320783634213 0.08409268134461201 0.1712783581770425 0.34718889357243454 0.2577485899482027 0.2586967080393523 0.3311437298418851 0.5629765426013934 0.235972953296262 0.9345804713399941 0.17876630269546578 0.25852315199696485 0.6907041892429118 0.6012545212765403 0.39773487405412755 0.3175528623698173 0.0053196949968978835 0.2301015652997993 0.25429542061007926 0.9934585587710757 0.28733402302717337 0.6489533602936514 0.36190189133557493 0.7519816619704957 0.5822612969102169 0.42852265300062564 0.5839113650471599 0.014475098603203396 0.21400897936757945 0.9103388951202261 0.5902376871351104 0.5019193979842254 0.7061939477114835 0.803024018520401 0.47293031757594295 0.5588311753564065 0.4441054498798779 0.2067527567939339 0.42977675998137965 0.9883812779254116 0.6710389005900267 0.7086618497568391 0.0183959021407597 0.23045455081161537 0.8271486431416912 0.8785507430480554 0.36928790438689085 0.5806578769745319 0.6579824853331897 0.3872939990459857 0.1636309476737411 0.8720445311241376 0.7380392111541412 0.8543365782323422 0.36210763110262345 0.8620649844343271 0.9884513850614431 0.8555462353050992 0.593655256372914 0.515106672863817 0.2332395998859077 0.14391471060652417 0.751608840550307 0.16604148665378238 0.11579149926847554 0.4350096854643063 0.16302818921314977 0.5626520291363485 0.055698766393239674 0.9821289514408234 0.544209634498543 0.3323800890016233 0.4522039099522158 0.8664177965993631 0.31332048854912187 0.7602804441246794 0.864338145917033 0.22847221443268706 0.6231728259151961 0.9003374679268203 0.6867336606827931 0.47410971692900805 0.2722884588379967 0.14780011977605223 0.4166339073686448 0.05456830357428477 0.9958826377341818 0.6951284781753163 0.7030974320369455 0.7374541278438791 0.08916066181830773 0.490883560642166
0.2727409008484213 0.38074674770133554 0.0 0.37841097708835514 0.6494518076497172 0.2109904720232525 0.6142246633112508 0.8381347085545611 0.8417138932226806 0.06528424699172752 0.7601002368218698 0.048206320971206806 0.6037578692889415 0.5644453752070456 0.377470510556111 0.7058870200266427 0.32485462666192644 0.8937948833815126 0.8292703460843548 0.4091594179737159 0.5508783219006136 0.830246304914744 0.924028858315624 0.37839386362816985 0.24532031124241105 0.5611871271348087 0.8095361926023249 0.1762329912673386 0.0350462532177398 0.3878898864498267 0.7503961535893562 0.5664567295444614 0.7740892088002893 0.4165873929504429 0.14803472715058186 0.7224964563099564 0.6641600758732287 0.5841272442003879 0.26161098376441594 0.9934184619987524 0.3507554032815664 0.18829958758883836 0.7861296657413892 0.4751412239357682 0.9500333121752845 0.6757630467640422 0.8691339483663623 0.4178356574412547 0.4227490900138471 0.9068895371302501 0.519467081376249 0.7722524846596891 0.23850764116720968 0.4112987433658001 0.46204359140252615 0.1994845053340869 0.1313403797863555 0.590257239821279 0.5879984211676255 0.7714016673704871 0.6839586060127117 0.6422781203133621 0.945474942615782 0.18168177472984115 0.760607652272668 0.49253262167418443 0.48744152225010784 0.15196418701715175 0.17081409291300298 0.21619733851070133 0.11422231726780085 0.317860903136441 0.9219870581889669 0.8847606725075033 0.5329326500305204 0.8760437516746981 0.8634393353546698 0.0008956911890953823 0.3152338806300802 0.9877699517130479 0.2529631253810505 0.03621936979130702 0.2669124422416269 0.5323395933820219 0.8181071815021442 0.05712380270402684 0.0036118789874233226 0.34265706937266827 0.6728664031400952 0.589831626169524 0.08619009932106347 0.03425016682427928 0.38677008402469026 0.4363165417098115 0.29813395910398666 0.9160517513312443 0.3502820794263496 0.5700388198506399 0.2780659195911367 0.9178326041804105
0.3504795672290001 0.2475745877242953 0.37841097708835514 0.0 0.6866837233974815 0.7381092561019224 0.23329835359742968 0.2311683197736053 0.414897336648025 0.00020523863642885054 0.5598490546901187 0.5881481302504048 0.09718673971631764 0.6769380970276139 0.6554050035076717 0.09518773050925466 0.5304477698085227 0.11676191455814044 0.018487187494386492 0.6871434012508569 0.0342085099681555 0.6060088528100785 0.5264410964777771 0.1915688259532743 0.27570683327967105 0.040879079499900994 0.8040680614911836 0.23156216975288246 0.7297463390805655 0.14251902412529605 0.3174104503765125 0.7595430553164572 0.15208458750110587 0.11085096384762616 0.5050103315136726 0.7920980876479516 0.612770350933324 0.47922895792593556 0.9631445975231594 0.23016131975432774 0.40335246277417913 0.07572722271440335 0.8316767050345062 0.23955911153904386 0.6574276057952422 0.29831907520786727 0.1386119175949092 0.7012888318178508 0.5021822463559038 0.6744805718565235 0.617858553285867 0.8872707910889889 0.09718291522579481 0.6494412815936592 0.4440053257515403 0.7321743523946883 0.7903321104408844 0.9452668181776532 0.052456515899725775 0.6703521145748058 0.48780730076170475 0.4024357944985536 0.7129165027636684 0.9134740553913132 0.0320256516160059 0.39748833618454715 0.5979822495717297 0.5962969386791747 0.8249796810006194 0.9312329363433076 0.08230678045257755 0.7114152946430627 0.058132639144403364 0.428191798524881 0.03111057604569656 0.5058837837350767 0.16907311108913903 0.7102126002385393 0.2694223388564728 0.08918352556903475 0.0569679835477267 0.883314174807914 0.16861491205134094 0.8765127461419531 0.7845476553078399 0.6690898391519924 0.6218237531408972 0.7035601893353294 0.3821859650046987 0.7334661326489009 0.4181660870768069 0.7848363871055474 0.2104804220279869 0.6589939494904262 0.6441270780873224 0.07078188677124242 0.6838130857872525 0.6614703135221017 0.07771839548177939 0.07604833906591002
0.2607969998045534 0.6197902005274849 0.6494518076497172 0.6866837233974815 0.0 0.9526538552107021 0.5809673890554714 0.07681882802912743 0.0884759175084977 0.3463091641100823 0.01844551723837451 0.5736504660062166 0.08825726721562233 0.7080864072282572 0.7128690212085081 0.9758164028289009 0.919248694190273 0.45602522702864423 0.6232024769690124 0.08858794912619794 0.5489821813052101 0.6622904485189786 0.9499964850340505 0.821505020310647 0.7448106421809689 0.11392357288395305 0.22343923953013567 0.2443858872219964 0.09989695133589982 0.7452456012569361 0.6330080811684572 0.011012183073469406 0.02678580104245909 0.9183055508104571 0.6085161879804456 0.8943593013932976 0.18103369898160393 0.5424704357752159 0.549310766983102 0.45912538394461333 0.4743115932923314 0.40443022503209136 0.2658016563426401 0.30352195548542404 0.5710327485060978 0.597363376346334 0.12282679306691136 0.9946716949947596 0.7352956970440506 0.5627865695216931 0.05161628681831476 0.04051806300857408 0.3918608487655555 0.6079012157714849 0.02370112210367281 0.24492321077118007 0.665685657592951 0.28734450108785026 0.07409103915869131 0.16702484802464168 0.17206511864182783 0.3506952838240994 0.6105329550363464 0.5222813994668711 0.46629371547981435 0.06879706789818074 0.8217038263028651 0.08742143501157817 0.5054687611444477 0.17256193399317754 0.14016958338058683 0.8073144680013716 0.7206040092506373 0.6926873540897656 0.6116074598174704 0.20944669246017433 0.940722321371272 0.9739400604129678 0.6335537121749919 0.5301775328288146 0.6946593687057458 0.9525610706470132 0.6614964523136886 0.6127277773161881 0.21097846391976383 0.37424305314249917 0.338155014076311 0.7701089403246052 0.8066203953654656 0.2610065340025123 0.3271517627513709 0.5620124223723356 0.046192725020157144 0.4114752123660488 0.28805638393988653 0.8144766747607632 0.22338543194322358 0.7961459132359096 0.30679628982254936 0.5640839836559588
0.38659014433939554 0.44476642323081506 0.2109904720232525 0.7381092561019224 0.9526538552107021 0.0 0.5368386398381205 0.8676565335064702 0.5002801582899051 0.7782692295398417 0.4066003647414771 0.20921548445938287 0.9865922503390283 0.23354198943992388 0.2682053872017326 0.7720251754452815 0.37877511742477266 0.5822494637743053 0.019125125866746084 0.2146923087418754 0.28952083066543977 0.7570493513632198 0.31200812271332357 0.33714622028963126 0.19541766153557016 0.08427587646920076 0.869890222543582 0.7716175671105456 0.3747861478738217 0.9987148154349486 0.4804034503121005 0.059180533101985344 0.5875755849943065 0.8372346320660745 0.7101988274967305 0.32304221954617585 0.08634912916097381 0.049880900423129204 0.2614237620769648 0.10164894915397582 0.5299456775389989 0.8648827530389239 0.0368556075651425 0.5331722441263704 0.33718243442073725 0.7210849226888274 0.3238915585798603 0.8109211096855542 0.8610055550215311 0.761567374206119 0.32802300409537544 0.7332336224905488 0.7172932949435888 0.3231713548407048 0.002190934799753519 0.7170442049241932 0.2943801063143231 0.5544212688220314 0.13293398805870504 0.6748337349110012 0.19903313841416215 0.3804424711939701 0.9126678647820593 0.5659397230076861 0.4707873489304434 0.28533391665650354 0.8142940898865423 0.3572181437581754 0.5160861274185594 0.4072546601713495 0.43430463060906865 0.8648933008444126 0.6632614964424086 0.9204680248380277 0.5335742726612518 0.29310241707512097 0.40453271344761876 0.02110204225084933 0.9753996056311699 0.8322947254126484 0.034934615609273356 0.0606833105929756 0.9468113658362465 0.7082558018882253 0.2680762407701939 0.9959179549842847 0.9759315139423829 0.1403906298353369 0.5139406237186407 0.6238085384297748 0.3195652950225131 0.11649323409512913 0.2855861442948767 0.005290636272788696 0.52251118434705 0.5043592983318519 0.42955425479549647 0.25419456435467824 0.594320540795314 0.507331890141816
0.18605780358661783 0.20972512739669802 0.6142246633112508 0.23329835359742968 0.5809673890554714 0.5368386398381205 0.0 0.8642215040294855 0.9764681513765402 0.7432018721463275 0.24711674558528596 0.6533831122855158 0.8694130830057549 0.09929392787738334 0.90938410823363 0.5995238911594403 0.5887658662230059 0.7726916405515212 0.90169625544105 0.2465696008445517 0.2929976731601116 0.22824787353458986 0.018530249525480103 0.9472711221158627 0.8442001261825588 0.4411807119470357 0.8147780429324978 0.4337613866656518 0.9933824706088776 0.72256651601359 0.4023283291218068 0.6784461420998585 0.2882865015556503 0.37567919373223524 0.49325897992694534 0.961741842275178 0.11687632519299274 0.25433140814333277 0.3929208688764845 0.5392425383406009 0.3540863142217032 0.025457579970329713 0.5993097958621896 0.1574364568276978 0.42749271549002177 0.6166978420061244 0.12558259118533766 0.3093354521990217 0.08874387993550437 0.7752202096982808 0.1981034620924189 0.7344556298411098 0.3423100710842413 0.3107015944072551 0.18747680937095434 0.5878874665334752 0.6209582173197736 0.2411201229438299 0.2693739114196372 0.845702474585091 0.17117985668523206 0.40661970091691013 0.5812336622992279 0.35390527645627035 0.2795699850839808 0.5748876529752334 0.194073241008747 0.9643774263226683 0.5886670338308188 0.1631286698528973 0.9715989660728146 0.6661395799196436 0.4348433872959063 0.30787765936088907 0.13815636814059606 0.3160843295721495 0.12434109262633952 0.9153616038011239 0.6695287131786961 0.41600673415913636 0.6911032205737561 0.6237775087247255 0.0010133211238571027 0.07651105999467644 0.5959177585521911 0.7159254085470247 0.6605624485592146 0.6180623881715461 0.9363631397629807 0.9475053962478404 0.31795598125937874 0.5173802361287916 0.6537744878330993 0.6878989493374068 0.681759073511972 0.6172527558034218 0.5331386055129254 0.45419004656652195 0.455668706904792 0.2938495474434244
0.5893386268232973 0.9168302458636479 0.8381347085545611 0.2311683197736053 0.07681882802912743 0.8676565335064702 0.8642215040294855 0.0 0.09770205042248159 0.372041229035854 0.6398764978295768 0.08361826332161792 0.6584308051653849 0.1749472654409272 0.6235885245083903 0.7374003117523364 0.4410325982364459 0.7884391400023043 0.7211615792521452 0.4484113742091358 0.48487688685643227 0.9146190466251641 0.20487343953436365 0.7735478597242796 0.1583470641660405 0.21466118087375385 0.7015428287224911 0.23884797518999723 0.49483080259088863 0.5790845422578961 0.1121836530875161 0.8951651551183252 0.5059942599780153 0.6547908193056046 0.9140012147272165 0.9790398816205772 0.9045909908693636 0.23310445524847412 0.5558354921337201 0.018650988696928827 0.8847574358171431 0.30300470142668245 0.2513263578887912 0.6035259166216899 0.8653924768077141 0.0676727326369585 0.43923434826043417 0.6257883509788154 0.49865688559753796 0.33458474217294465 0.7352090227556755 0.6123060103194402 0.16608193958449036 0.34790327814726196 0.5955480379258163 0.3938902259761219 0.1939382529355378 0.46460228087359123 0.96606888410618 0.5161432096159486 0.5415666508886745 0.14486202577804352 0.6363138169285322 0.49300197002992974 0.23728230452269894 0.5920860513866735 0.3074333244461136 0.2554890848172815 0.45163880775945164 0.6783102993289143 0.8953441888751528 0.5955910709903126 0.8989271277874348 0.11830823655167377 0.11259667977174259 0.8505037758666627 0.07777750337740774 0.35474992310272413 0.9853673498126891 0.1963082863528559 0.3290431958402761 0.22331875185381223 0.8532382473277125 0.03615122265533788 0.348072512162677 0.6835926158061537 0.6475278721810518 0.3353302629909274 0.2099249551667458 0.8456964659565563 0.4730924796586359 0.8951952615327619 0.23636988209031584 0.5158155877663105 0.23790721561251305 0.34900402692858146 0.31497500245870724 0.08895522557523305 0.5388614149823714 0.3598435697461919
0.7314642761417147 0.8919320783634213 0.8417138932226806 0.414897336648025 0.0884759175084977 0.5002801582899051 0.9764681513765402 0.09770205042248159 0.0 0.25830739142672565 0.4191873345296351 0.9476805376003254 0.20366920374291542 0.7920569998488676 0.7846255127589656 0.14327723007189375 0.5120648277977371 0.5443490334506013 0.27789229847709385 0.6727215262678425 0.3789296836780749 0.4587444388101318 0.47081081757522447 0.9918267875965742 0.889804787011998 0.3020941814350858 0.4454247840855827 0.2276316580045593 0.9985993031736159 0.34458933129626657 0.46959852400989555 0.191717822369741 0.044279023943636364 0.675089621128203 0.30150982947938887 0.8091538940005197 0.5645521849517049 0.5543082446555574 0.2572356994645323 0.8569973996421839 0.7162917901195968 0.17738990645086417 0.9773132839006333 0.5849373525269812 0.16581640739942682 0.6469959853928249 0.4459811019856811 0.47562095440643426 0.8446703015960142 0.3685451481747266 0.13049423136461769 0.4480213099863083 0.40700367484305744 0.6502363345136505 0.31835901078793605 0.18087294401391207 0.869940479845558 0.694738439654688 0.3070853724122572 0.4365077268219171 0.08863332663690504 0.25459326888582134 0.7058957571635363 0.4365321206107492 0.21562922851748445 0.06583726494757969 0.3605698986466327 0.5035686682939639 0.18312233874036765 0.7260257626591762 0.07971431309020705 0.03981812624520431 0.4473988228076745 0.9506705428520579 0.616977824175855 0.1816351343751842 0.12884392390266242 0.18651441214437448 0.7414833311445816 0.10422305147092925 0.2647842908106054 0.18984013404073152 0.5451693835375462 0.7125191345993124 0.5906098315750368 0.9614293691722527 0.3673148125941178 0.6475706628243769 0.7586365858805774 0.33890301367442377 0.3138916150088127 0.5511647763998497 0.12153606108008197 0.021164070943687885 0.8859837333996888 0.6371407365542199 0.7426385111287921 0.33093894590892625 0.45283517993706557 0.4183097538898807
0.7230686483195837 0.08409268134461201 0.06528424699172752 0.00020523863642885054 0.3463091641100823 0.7782692295398417 0.7432018721463275 0.372041229035854 0.25830739142672565 0.0 0.8792738244393226 0.29475078173541325 0.6677686239096502 0.6830154650863185 0.045966401583614425 0.08222821113894496 0.44874040237851265 0.20178607118275382 0.006576411701818663 0.022537459880246802 0.1461473401389144 0.4203471756823769 0.21652731048321272 0.7221082482926859 0.2636851171861949 0.3580126686683386 0.5114353150463359 0.583028225421289 0.897244922718675 0.43078367038959653 0.43364958594912484 0.39159539697510415 0.5852604831353272 0.13400019425669574 0.9385624771236618 0.2763614486808972 0.4230510259165907 0.21714748347128188 0.5935226731079987 0.15862119941401343 0.729284522291379 0.5622612960634101 0.6434270069399584 0.07613963239670285 0.5467995644504537 0.7882092515605641 0.02344273510821404 0.1457557158672016 0.030957513556289507 0.4654916073238149 0.843741296633286 0.5724082100695135 0.3945094670921012 0.48061333390628336 0.8675776192746166 0.14394213287018043 0.6526992258531203 0.6359883113859709 0.24701875274072738 0.35333479254597877 0.8683012523570153 0.36122688123404867 0.08622457540626205 0.8240960365256577 0.16202677962991296 0.37998861545022 0.15710668539282657 0.5252917336744147 0.35092800112213507 0.6818089158651104 0.6984465936929007 0.6591951423159523 0.5524537265909776 0.9032908995385386 0.5760640341023485 0.11932030103075286 0.1999257122496899 0.6434244946300651 0.6749486726061121 0.17740617954624727 0.6641815769036113 0.9953208550754755 0.37326694363263846 0.8239578386017917 0.44733765852036744 0.8596040729109036 0.15137282332733182 0.03903011768004283 0.23723493467493884 0.7928709847515859 0.8710140948215045 0.1483319997417989 0.12607883112645124 0.6210175340769437 0.4399421116459361 0.42964556472736126 0.6132155555975117 0.1306622892145629 0.9339360668148139 0.1154680498010332
0.8340859857193647 0.1712783581770425 0.7601002368218698 0.5598490546901187 0.01844551723837451 0.4066003647414771 0.24711674558528596 0.6398764978295768 0.4191873345296351 0.8792738244393226 0.0 0.8650279008376163 0.2026703829053068 0.7762785135165736 0.2410034740700987 0.20237182003054177 0.13060494662933575 0.2092704146871397 0.8677682546783985 0.1702117546659756 0.9845515295998267 0.4037631356443415 0.8285699782894153 0.6896704649221841 0.05923660413383536 0.15829430101139186 0.14917137495695876 0.7338852782227664 0.4247137990353931 0.8463420519384883 0.2587520302441394 0.5558406428751325 0.05468564472234838 0.25644448258932795 0.7445946456641311 0.08255404403851829 0.6348318013491555 0.7938581938084296 0.7806618217198678 0.45115117440104247 0.6516860645484839 0.7740384296526588 0.9697086516947946 0.8176861971684017 0.13562605427824947 0.8134790803083727 0.02564853053831906 0.8593783927029522 0.8691046433843413 0.15957306392989568 0.1491071922082673 0.2593976865517519 0.8732981487020183 0.5022552783499146 0.37832691238092975 0.2110452545551741 0.6868466989467127 0.43281431054509567 0.40052879631693084 0.6873937648573507 0.5512254023369302 0.7896474172011018 0.20873880040145987 0.948978914165285 0.5805182203474708 0.36974115760289283 0.4280163311060412 0.3170702292116516 0.3205512571412207 0.8153910346414291 0.7530947156841925 0.3096249800900067 0.6544109921459228 0.6145461166058754 0.3032620417736449 0.5018317173137414 0.03961874990410219 0.8669094138312737 0.3072031581972111 0.19286777806807553 0.5387586786780163 0.8561790282373426 0.7003548066072299 0.29490675311156067 0.7861439914901733 0.9705717782273934 0.3065873774531467 0.5872243081831409 0.03908164082776666 0.4248929113629679 0.49263049328727193 0.763047394590073 0.6138522040631921 0.5952238230752545 0.15828519998827661 0.6296562501971885 0.9145397188183609 0.04125229875780889 0.6752661250804519 0.5443359419105354
0.5357656285206768 0.34718889357243454 0.048206320971206806 0.5881481302504048 0.5736504660062166 0.20921548445938287 0.6533831122855158 0.08361826332161792 0.9476805376003254 0.29475078173541325 0.8650279008376163 0.0 0.9329102580921749 0.8521086671950899 0.15855599053445635 0.31933332161802386 0.9162851640001249 0.8532852768590516 0.5382612873335398 0.1127902961882129 0.1008679832064876 0.02756537697736383 0.07322435576920916 0.2890417096955593 0.6524442647931709 0.10794844714655116 0.23065181486275022 0.23044362266173102 0.19746861986123454 0.4717056609028121 0.4589618185729393 0.06291645736800133 0.24425729724543066 0.7757517283769584 0.10037360361243186 0.6866244813474619 0.7021998496199026 0.1291822125064136 0.6028443556632969 0.9221923714568381 0.7433308911400904 0.5296634906365831 0.8155525255652247 0.9506428389617338 0.812312440513832 0.8769813281059667 0.03431975020477096 0.8023773708581375 0.16250563652483074 0.6541408124264303 0.20441489144854053 0.20836263957465972 0.9389481605881602 0.019900957922028617 0.8023597952515985 0.38018260117878355 0.8631422202201059 0.03953230398867036 0.8510207103648078 0.5956418199556147 0.5661045950230551 0.8281720211775799 0.7575123408211423 0.47008974166345596 0.8654215715225664 0.3256143249968457 0.8071127244210189 0.6406288234100612 0.21787503759182314 0.40872269356637814 0.7722135155713649 0.0028945563838390642 0.14140999576845215 0.3444822242268567 0.4146728912989537 0.019685395182213794 0.19176414260881214 0.8546470034661633 0.18444878381149876 0.9042591225146107 0.8975823721250104 0.20863031552786793 0.4864930791451063 0.19411748681308472 0.6525969072498433 0.9872697007177565 0.9401404755368359 0.04183174633220099 0.37426814474423153 0.4366718516296292 0.1484615837218839 0.6117274409881462 0.779175008456999 0.09835875182181786 0.3417327318808182 0.7624127745326903 0.16053266294736757 0.9546239213665755 0.3753692808581156 0.9057756791043057
0.797402757396749 0.2577485899482027 0.6037578692889415 0.09718673971631764 0.08825726721562233 0.9865922503390283 0.8694130830057549 0.6584308051653849 0.20366920374291542 0.6677686239096502 0.2026703829053068 0.9329102580921749 0.0 0.6505169506945101 0.8812228796781896 0.3220108986196659 0.4921348275957059 0.24557305545851604 0.6204589505694735 0.5453480472118928 0.49899089626931514 0.42969526572507366 0.42700431584044174 0.5470795022363804 0.250478975248677 0.9994434638722604 0.6442731280991784 0.2361268186118365 0.38264356921290066 0.307215895261305 0.8770873475214848 0.8339054860926944 0.8728879275374256 0.6816808361821836 0.7957701883296379 0.08837911634591744 0.922246589808093 0.988704453328343 0.31532242163637536 0.14347905156693175 0.08416922781771952 0.2376717220172928 0.13206581288182406 0.453777349807852 0.15746766882086116 0.7833179728136834 0.5568583095250196 0.5163654137474528 0.5352430337154672 0.20684806590754934 0.46656402834187904 0.5122567026124433 0.4025487903250431 0.6349797624876593 0.1621518534600207 0.0385468619825019 0.39579868363423165 0.9179135152360894 0.4087114338496256 0.229164279573421 0.9655220351153005 0.45100277827629087 0.2668734269671348 0.32717931843504533 0.7461714230323698 0.37368395379846653 0.1575643180266978 0.9987296826174104 0.8406777849087008 0.5991592166332934 0.9944774280748369 0.993425256094576 0.18871853287201434 0.5540675240648455 0.9558062965772032 0.9311036608921553 0.2537003821144186 0.1904585245047179 0.031085150712730214 0.3500651698848005 0.5650744769451966 0.061519007213861276 0.88344766001082 0.815452482570211 0.7458044617476741 0.01840541655032424 0.31928614048816084 0.4899284072540038 0.9294100212425284 0.8450964760862877 0.6219516440797945 0.49601429217282356 0.9242345011392628 0.5843296535330977 0.20181888560595318 0.019901051685212168 0.2374814226061509 0.14800170381945377 0.6910103496271455 0.02072517416762576
0.8997591516974331 0.2586967080393523 0.5644453752070456 0.6769380970276139 0.7080864072282572 0.23354198943992388 0.09929392787738334 0.1749472654409272 0.7920569998488676 0.6830154650863185 0.7762785135165736 0.8521086671950899 0.6505169506945101 0.0 0.41687208861254377 0.0720863270499923 0.8830819447382188 0.15023572248237038 0.7169109782386967 0.7079312216615635 0.4594925307344412 0.540994285639197 0.8919038426899201 0.3759474711685318 0.35424766896152626 0.8601138759171355 0.31168169428540426 0.5721287276979458 0.5690523175878235 0.12015987302621822 0.12422034247379221 0.3920673413031184 0.3802539471086033 0.9958521453819585 0.6741673387124812 0.7513115481185679 0.0003187585407585791 0.8305883909608932 0.17525390381198658 0.2443217794995488 0.6185544008780688 0.40999992931741647 0.4492617636677023 0.5592166293441718 0.7374392233204592 0.9315096842888368 0.16653171308375925 0.9365169029860546 0.4274534060148568 0.6472535377524024 0.6982105569569497 0.10577676737364539 0.3405916007490948 0.2274641053038432 0.12076857829098642 0.8065401397428082 0.4574658285226313 0.12466888978784019 0.6354927677776977 0.0851505260761366 0.6847912452073299 0.7563265043133235 0.6661010024705373 0.4684378006418136 0.03176952712492853 0.8618443998031842 0.7443997332167234 0.9504947677229688 0.6178825849542368 0.6646835048167257 0.7700804887987487 0.4954947055397675 0.7099264425426368 0.22922371213888293 0.8046822109201348 0.37728162065630366 0.09416620158575706 0.04330894193811263 0.24341642077733883 0.35752084107345805 0.9936826901446063 0.09274332723743661 0.38699268882800353 0.3704966331963737 0.26865578059012596 0.028600381612848058 0.8535424626558444 0.6881346172018125 0.5615060782188183 0.7344377083161814 0.18423335029416477 0.717038162012324 0.014719231371233987 0.024158917131857693 0.96869993715884 0.14277062683113906 0.4953075633458798 0.8983054371413636 0.9497509149918635 0.07560600620941949
0.6577623524985342 0.3311437298418851 0.377470510556111 0.6554050035076717 0.7128690212085081 0.2682053872017326 0.90938410823363 0.6235885245083903 0.7846255127589656 0.045966401583614425 0.2410034740700987 0.15855599053445635 0.8812228796781896 0.41687208861254377 0.0 0.8705932589712561 0.6804503736639338 0.9585730221550689 0.7013917177118784 0.32809881039965316 0.22268547607840072 0.26776065717767383 0.07402506095558237 0.4013139620584196 0.24886809189408687 0.9458661021311778 0.8434423823225158 0.17364667188107785 0.9381264464238438 0.2682121657248322 0.43890516299239435 0.2804340341048749 0.16773128549468197 0.7748248427089147 0.7261378996452877 0.6534617277474121 0.033266509687075785 0.5887292908261345 0.7035393344479706 0.8899781477642227 0.39286459751060765 0.23946697064672917 0.5349039255875443 0.04945648171481065 0.20668457244065608 0.7884965508901695 0.39517208763108336 0.2875165990939572 0.2642854763822945 0.03537506246468047 0.9855460742233719 0.32032669181760964 0.6684071214025643 0.3207837398764096 0.46487470625586647 0.3456175391776114 0.18666965649058587 0.668372905167345 0.5679342624045731 0.0510771109880952 0.22077136411643594 0.5550134297161 0.8536210178038109 0.03762215701456295 0.742524580768799 0.798796289603316 0.021871202162419334 0.7595123413490921 0.33894777545874666 0.690977738934615 0.5262858316174569 0.728433879133922 0.5552396640877135 0.15747028493083004 0.3782477370028975 0.06299988195838735 0.9600282310784297 0.11680857116133414 0.62227438895077 0.18262821503939564 0.9164717899103422 0.7058635981374157 0.5973207743553488 0.2729138581953574 0.8593712036134583 0.9573094608758385 0.579802893280998 0.6659917356860402 0.6954604627585476 0.509024502008046 0.7748519717975018 0.43139623633931745 0.8404543051401652 0.4788843082850516 0.9804408350547268 0.7088658036023521 0.6573516394896477 0.6591281905519676 0.8434256877383648 0.9076914739346523
0.05678494674714307 0.5629765426013934 0.7058870200266427 0.09518773050925466 0.9758164028289009 0.7720251754452815 0.5995238911594403 0.7374003117523364 0.14327723007189375 0.08222821113894496 0.20237182003054177 0.31933332161802386 0.3220108986196659 0.0720863270499923 0.8705932589712561 0.0 0.1891091321951196 0.5510209165586728 0.7691708009482872 0.551673691223353 0.13974094431475315 0.9610684089865135 0.2259366452837167 0.15282607190030995 0.988202481277965 0.1285110373274232 0.8143609101914056 0.3062524400576161 0.3795225219975129 0.5876155196382443 0.21920545232435817 0.12190192314352188 0.420942138245055 0.12768636678590617 0.6623305218630291 0.9649050414637909 0.051880628418215835 0.23838673594385396 0.006355401850730025 0.46402651933035666 0.918065900813119 0.9259874320398033 0.8495323329528995 0.8467323808805419 0.9340539204963214 0.7783736003877372 0.024250843007229017 0.9560821112225192 0.14604282135999525 0.6143845503470203 0.8756519355783338 0.840756717825355 0.3657569744269872 0.44772442096169474 0.2803590834185311 0.0045192438346703945 0.37792205901078946 0.28592818609083803 0.12977913069012836 0.7316639567457464 0.7886825150199575 0.6436396932017985 0.3983264175998249 0.13407985428696068 0.10921855236684253 0.7976062689908732 0.5384474606944478 0.6676343919458836 0.6237973211378316 0.7278110567256065 0.4675534184968204 0.04339246656265838 0.12024452746097292 0.6404280935693205 0.409088649173322 0.8650569195044986 0.12186073973874201 0.9466320541149615 0.8025071546979448 0.418459996069544 0.292726229350342 0.5974643111916486 0.8299817512735815 0.34617768680414196 0.759935253643867 0.9373441182479654 0.6169801260647765 0.3696540496066474 0.27492924908093364 0.2287296947658507 0.17201018557560888 0.40146472372121933 0.6992491615066998 0.24056060734240048 0.5432944673030254 0.9255951481056665 0.2112778503618833 0.9657819642688542 0.10017408920182957 0.2783497321495827
0.2310275495530114 0.235972953296262 0.32485462666192644 0.5304477698085227 0.919248694190273 0.37877511742477266 0.5887658662230059 0.4410325982364459 0.5120648277977371 0.44874040237851265 0.13060494662933575 0.9162851640001249 0.4921348275957059 0.8830819447382188 0.6804503736639338 0.1891091321951196 0.0 0.9214837044023363 0.7147742492070669 0.19056331165250195 0.6477974470319403 0.19389990238855126 0.6114416357643252 0.2594049335549051 0.9504280459352138 0.8688963837612783 0.23230337684923374 0.18661667472700927 0.3866536529615926 0.2329306253061858 0.12448880952209529 0.8275897049788276 0.5772883317294627 0.25312874309694966 0.04671118211064629 0.4076919097383842 0.4153739874621205 0.06281512324534244 0.3959981828795972 0.6456442447534126 0.8611014536907792 0.1324236130099159 0.3604435408870652 0.7624968868179873 0.8324970061845062 0.5779556108662086 0.46527021578842 0.22070289030819157 0.7873683671015034 0.6677964964380716 0.22238348584306766 0.4285207810708822 0.05405203488170052 0.07121082385276489 0.8397727331488285 0.12928873862824075 0.05711534781895611 0.6715735304116252 0.030766138830209844 0.6768366755198094 0.6952526528529387 0.22524764275298625 0.29403029134734593 0.8664628624174824 0.31366303748819113 0.4542166470128637 0.8574407160660883 0.8038312065803414 0.7937907472420443 0.8534806447309408 0.3970449059950507 0.999876980206273 0.07716782929158073 0.20225998519889 0.9113158690217407 0.097290952062551 0.7613679914521131 0.5825686215077992 0.33614290242512446 0.06860876968460028 0.4745729868995676 0.35759646352037333 0.24804666503988781 0.7598263744433245 0.6564057494700772 0.7119385636669017 0.20034610833405786 0.9900754342916712 0.3106366665840665 0.703595904315555 0.8378390073550891 0.6255803458998804 0.7646964466049287 0.12386451260774534 0.22379897555012107 0.1567952730819291 0.008918611782000263 0.6855740491995345 0.9516078832590219 0.7847811321150008
0.6486155881493445 0.9345804713399941 0.8937948833815126 0.11676191455814044 0.45602522702864423 0.5822494637743053 0.7726916405515212 0.7884391400023043 0.5443490334506013 0.20178607118275382 0.2092704146871397 0.8532852768590516 0.24557305545851604 0.15023572248237038 0.9585730221550689 0.5510209165586728 0.9214837044023363 0.0 0.6440247886686397 0.36450115933053207 0.18872666535347327 0.09420069450339386 0.6530901980574415 0.2714925437778055 0.9888101121288254 0.5951978378830282 0.6759115538861299 0.29701125327796063 0.3760582685918379 0.6027494550577746 0.5216487752769531 0.5622527331741016 0.03187838435689272 0.7642805186546672 0.3191791209402517 0.8757699297198359 0.8012588754044545 0.9246275520195547 0.08513408651673637 0.6837038684419964 0.8716672930955225 0.1393758021382202 0.6736057146716139 0.9281827635562138 0.4943230504402967 0.24844423467648746 0.2786734845086125 0.9311102998045281 0.7935893782249878 0.41969921950846234 0.16099427954830814 0.7571935629096241 0.000713107074281405 0.08653765982715023 0.6988153059375135 0.5125924345859415 0.23939990984534043 0.34942905355627396 0.34769068093084654 0.6901618844799482 0.02414138711211511 0.5452834146441873 0.5413897200559795 0.6276142915461633 0.5441977023290979 0.9041453844932342 0.935223712594367 0.32825897120089886 0.41672227768230463 0.060894281200736255 0.8016357558951319 0.9860471670333415 0.9773191278938843 0.014742803845371966 0.08505652566554789 0.9643214521663835 0.6603885293619106 0.8950990950126302 0.03045874524915615 0.8384496183364449 0.943749418055141 0.5647643069271358 0.6863184130076708 0.6824829493339137 0.06309666292276206 0.5353566608517971 0.6397992417545479 0.6324007341414347 0.7844932558876977 0.5646296789041686 0.5768676281162781 0.9120533120012516 0.5251576341677321 0.631231460433638 0.48452228171010137 0.6791517525278391 0.1977544483878847 0.9061731616651406 0.17408878596668864 0.44047389494323674
0.06514907929796387 0.17876630269546578 0.8292703460843548 0.018487187494386492 0.6232024769690124 0.019125125866746084 0.90169625544105 0.7211615792521452 0.27789229847709385 0.006576411701818663 0.8677682546783985 0.5382612873335398 0.6204589505694735 0.7169109782386967 0.7013917177118784 0.7691708009482872 0.7147742492070669 0.6440247886686397 0.0 0.4897343642584051 0.6526774382417675 0.9158021695476386 0.26229961485849707 0.02427155222655608 0.2789171746429585 0.9137637199598259 0.6260107797498603 0.7666093835168734 0.4214580429239908 0.10391537697735753 0.22646048111344608 0.3511777070831512 0.1738372452638941 0.16647530236350716 0.6028720285848538 0.17439264348425487 0.3233984974915388 0.5431328721976681 0.4880017972466322 0.41188103439463686 0.6344301097660717 0.44418019996554003 0.6761464072910889 0.8589167164069406 0.20526267091889694 0.42902388870567076 0.8320873882683476 0.4459864503143812 0.007399790592226507 0.9101503188685766 0.5967689666500526 0.7185813546257754 0.8172130772688647 0.5865180460616188 0.375997665542648 0.5101291999347268 0.7432938612902458 0.46327262880440434 0.9216991385480103 0.7788474108646972 0.335646979725874 0.640288908312921 0.2082045455556193 0.5333687854424051 0.09944955103317521 0.009372139684710179 0.06335145377733253 0.08513437949149416 0.7327706819592043 0.26898912646658246 0.3730895892020738 0.7122726630195507 0.26812510123675526 0.8788188913327707 0.3450840775338967 0.8610848885257247 0.10256678642641293 0.5254330631905892 0.887127275939807 0.23909544797356463 0.24751479199424165 0.024091134915460444 0.3509265955845253 0.6575609029334581 0.028659281038363904 0.31177349426337186 0.05874898865721068 0.7939137529399731 0.10015517237675275 0.8640482648880726 0.19485689174962173 0.7406302261952422 0.8069539697393491 0.9009262827408754 0.9917458780951097 0.1929004140548598 0.0681532786820358 0.4013097466534046 0.9557636866450884 0.3605925784149785
0.4374627581095627 0.25852315199696485 0.4091594179737159 0.6871434012508569 0.08858794912619794 0.2146923087418754 0.2465696008445517 0.4484113742091358 0.6727215262678425 0.022537459880246802 0.1702117546659756 0.1127902961882129 0.5453480472118928 0.7079312216615635 0.32809881039965316 0.551673691223353 0.19056331165250195 0.36450115933053207 0.4897343642584051 0.0 0.2074592454898474 0.3739010941433524 0.6791531678315476 0.9769387379384018 0.561467981824377 0.6492597904728725 0.6165809418211686 0.32757911442113996 0.8302536886611306 0.26198066673097653 0.2821367186061189 0.15189447811689705 0.166247678047993 0.4799449091162611 0.8706241644937236 0.04767709666304598 0.7516090608178069 0.887587170872743 0.40135401212736077 0.09589527136921594 0.3897565807570118 0.20728982316286204 0.6676873556405075 0.5434127270637139 0.8416759853206945 0.714744008832344 0.5608145209731819 0.7281912054323585 0.23991181183503973 0.1696143557512192 0.6649986742665589 0.7098868303369594 0.2651489650117135 0.7840509760683271 0.5108880215504441 0.8532719748061153 0.046654186534477726 0.6753555718437809 0.2194217092759606 0.5823081060272992 0.9372512823791995 0.08182984260776027 0.6496517507116698 0.035324381009108285 0.4179601739305434 0.46002357880311306 0.6070050457061491 0.911600184848128 0.7853213194838254 0.7894533041331674 0.8410341113422504 0.3222220299793275 0.48292883129315456 0.14231332657935247 0.976364138838048 0.8325244055372581 0.8283910349678901 0.4821418515868945 0.8949072608464624 0.26783265163497705 0.39451109540994667 0.3984354155780495 0.28356965005291646 0.24432294124679366 0.7156935737931369 0.8992355125807641 0.6399651298369804 0.3037923202982079 0.38643101277122827 0.09020027989721735 0.8835295049537911 0.1746420268107549 0.6788715942106031 0.8952592650777266 0.2046582864526756 0.2823759857066386 0.19982774214784937 0.17378299974727485 0.49517205873575776 0.703820055135691
