0.0 0.7596070072412038 0.6505823674984765 0.8418156172857718 0.16986005222681233 0.2546244404954481 0.7231940772730729 0.016846152497898337 0.8560040928677064 0.548824183341213 0.5270859637922921 0.9775181219145669 0.642940810220843 0.7794479131488312 0.9136135435755862 0.7659791400023382 0.32924683630532725 0.7247372512118927 0.12959912252806782 0.0507781313198864 0.48674398439896216 0.8048562294807534 0.9449366102561013 0.9804963780083239 0.798821913158049 0.3894440797120172 0.17633225182058598 0.7082638682153132 0.4716322442472676 0.21744649192737575 0.3873981186593001 0.4900966896611443 0.08153221064014071 0.3004068847782573 0.3192197013444965 0.5732310298212624 0.41710338108675116 0.5637785514730669 0.608298181515532 0.5632552395949896 0.9048435990802592 0.4267713808595396 0.6166543576360376 0.4665936069332778 0.6913672439381511 0.6400411191178542 0.4661847080906374 0.5279723947374619 0.09076065059408844 0.5516795701876701 0.9401034986738468 0.17968807302276857 0.9671085372818662 0.7630005971601048 0.5825911691509285 0.8645040830101351 0.6908314842909645 0.33909612058333505 0.8010849978232105 0.3375356255292541 0.05831415860299671 0.9995300728861083 0.14952332845179273 0.1451223197670254 0.06933074648581383 0.7830645553659612 0.2517518413302142 0.24616412832797352 0.9209085415155945 0.2044251996694244 0.9953884692569269 0.7889276595734954 0.005594481588246936 0.5871888401881837 0.0708993207677393 0.3495360260909992 0.07209083859174303 0.2290964110075676 0.41116515333170844 0.3236921968646045 0.7332145076346827 0.6903829065970088 0.71873730958576 0.10765487789635697 0.41177841308541485 0.7068353558168324 0.4168779182904405 0.4878978859886478 0.515065799304344 0.6767005841287714 0.3521042347890836 0.7628572544789821 0.23773717312102038 0.3527756189669955 0.00032535846358860976 0.7212833648640153 0.28911388890753265 0.09084177015122408 0.40317177678310034 0.9512916075884794
0.7596070072412038 0.0 0.35422609112545644 0.6393038894123326 0.7516664634840201 0.3701814144899068 0.32896978799476506 0.3422155659634417 0.19218514228588024 0.14169562851076223 0.020350768884929482 0.475987737887123 0.2935977479234785 0.9301195873444107 0.3868644084678934 0.9389159909059471 0.837542735807051 0.04401417001446262 0.1073423862361439 0.4032447520343738 0.8456217677049646 0.20306919866504114 0.328101037217168 0.06346683445730472 0.8826716752973057 0.12576505824778839 0.4609099552401783 0.4705664926111387 0.7246355346161443 0.4681000922924645 0.30095737542916257 0.4306289074448174 0.06276566031584896 0.1937386867528349 0.551638338715741 0.8919701949673549 0.5621559121162177 0.9717025907715219 0.000809068394036383 0.7618016903900346 0.8303718252244505 0.40438916027560423 0.9335388856626335 0.7417421116002532 0.45312705764500893 0.1986160136777717 0.15582364899166645 0.2654617689802331 0.8690763725084539 0.07380455367152061 0.3195620300613191 0.7412770398542908 0.062337127668653514 0.9888607539397207 0.2535504549878277 0.33023324042083035 0.32057170022273973 0.5577526819463009 0.7983593790436796 0.4778600588105968 0.06464175356843727 0.6105308110319367 0.8929803854648343 0.8886879192212997 0.04286886466317996 0.06608244554445875 0.6980833617134634 0.13366328367432823 0.8645500724556627 0.15313061276897277 0.01172402362671976 0.754817278213769 0.260368290766923 0.6576538105397804 0.7078899246777369 0.8903087311663002 0.5093708288205835 0.6009004050843656 0.6163452960956922 0.20776208105933036 0.7017111410933894 0.11940412431586866 0.08432841308455341 0.2781583193279258 0.4747963243468929 0.4182096416060823 0.6552316917088095 0.8856152955111738 0.9039606473652616 0.8048238411102625 0.7689510159045067 0.8418120231543196 0.04676901594816962 0.3819239933714883 0.35184485059873283 0.4031911520545498 0.7094608749696084 0.08315294570650245 0.6736520030903751 0.14683499931039845
0.6505823674984765 0.35422609112545644 0.0 0.3932080208952513 0.053141801428558066 0.046612452858388664 0.45271269153923055 0.5338449906040422 0.18860765380768907 0.8896544045084693 0.029073228436759746 0.49668803395885 0.5352123595804015 0.7739503636810807 0.18687329507363082 0.7640070100948159 0.33796519707067674 0.008212395536212225 0.9069825937150116 0.15970469131013565 0.04399058873970951 0.750709591063782 0.14573822815443838 0.14091126871576087 0.9460546946253562 0.6183896590397492 0.27442555106372424 0.6311111675746638 0.48515953009893287 0.6799915608653467 0.8046539180374923 0.313504318575876 0.812883446310432 0.2944627269261878 0.4274226594469239 0.9567723431541647 0.5274822387439885 0.3083442292631837 0.6322647039046886 0.38731337094867446 0.4248177390381572 0.6723504412188029 0.6624959870866456 0.5375701142074832 0.3958316180787259 0.10472310742262358 0.7358001466076589 0.1508426157241468 0.6657020361737108 0.5532889906223748 0.9646897449670507 0.6797510523559691 0.20923234088729492 0.40013512667810924 0.15865103411641612 0.4838661511380917 0.14331463421161805 0.3688535970098731 0.7896268075338899 0.3925967430775362 0.7821194794110002 0.00496798430604517 0.5186414016760641 0.5846721726304894 0.24284585487568944 0.7915619766583136 0.7135087172698881 0.6431525387854952 0.7195034945758889 0.7974587006384408 0.05405683285436358 0.3964740127437919 0.8976274372102498 0.08701611467570258 0.20679821123790731 0.909338593500784 0.7366608307798086 0.5031197810313457 0.6448771339533172 0.6930809290382378 0.01674243766677519 0.84428888559117 0.12641614669234158 0.9506509625105458 0.8748911454268894 0.1363200253050193 0.40177963470801314 0.10579899115186875 0.030554454214805737 0.37546344344078764 0.4842378818716674 0.08660412966869313 0.19843588788449762 0.9039493616102185 0.8278585130454618 0.8349604275906276 0.4035768400478793 0.4728649822099841 0.7019312255404637 0.25156285099274767
0.8418156172857718 0.6393038894123326 0.3932080208952513 0.0 0.8127676628880931 0.7398065547009086 0.41170565645806245 0.3541098412604452 0.678353051182059 0.834982306995431 0.1748498287913205 0.9483772356943317 0.18647449723794862 0.4883561072955207 0.5283836517470124 0.15941835671869586 0.3838265041703859 0.6337708192488564 0.05784719551524753 0.4672868717117271 0.10743088984290394 0.44038248818295533 0.8028594999423053 0.6681015403011037 0.1602345383651177 0.32125762104331956 0.5717974039669504 0.23753572264027423 0.06699278061226677 0.7920038103381638 0.24835488431291486 0.9470565314159666 0.3978772297927815 0.8993382536041132 0.8292564258003903 0.0485649501542309 0.6522404749094274 0.5662861103797425 0.5844953521371702 0.29452294338217966 0.6880998391037383 0.5164982543344971 0.018434971048901794 0.17541382801285277 0.24468540783418224 0.8865766356673723 0.6562132563368193 0.775233875526439 0.7956581634322899 0.30688376212878 0.42451812439936354 0.6664197186885785 0.6313383405189958 0.7560134132054063 0.6470351625786269 0.23660529942009456 0.2883436367442105 0.1716029344428579 0.8691453964440934 0.293774238495651 0.3772398750510747 0.7391888796407496 0.9322016522923768 0.5415909470260596 0.5394919585308495 0.37485236344995254 0.7271645177434858 0.5537258174866628 0.8694988505575512 0.017363070786713064 0.6110344510977557 0.1703698764691003 0.6154173020647842 0.2280301859962156 0.13214423315009083 0.10800844554316569 0.4435335961733553 0.5316000643973936 0.2542201998942205 0.2643227597694412 0.39636237430542853 0.5718142005800557 0.9551177838120275 0.10211343560234987 0.14939479375602016 0.6577733496272413 0.41627358483633004 0.7086277078758102 0.49184177678222984 0.9659631721679687 0.880435573007903 0.5339379978377657 0.7796679195011578 0.9209785526725709 0.7000453705535518 0.14025687831333689 0.750703439513228 0.009343406557104195 0.26469632500544904 0.8070761275285024
0.16986005222681233 0.7516664634840201 0.053141801428558066 0.8127676628880931 0.0 0.2562310258680338 0.3585927445686711 0.6868077681631728 0.9778098909221243 0.2288137950306519 0.4212933945937123 0.81542706217213 0.679599824046585 0.8434329627833548 0.42185922380682717 0.23898975730197436 0.37134453898013553 0.5069902879912338 0.9131126659301518 0.4932778087497717 0.6713025832434772 0.09982645965124892 0.8817941429637098 0.2192195758439106 0.4803930797222067 0.26102364495771524 0.7661580973241878 0.9368125745040902 0.8014829523362148 0.902456296943162 0.9917431821040937 0.967335510275345 0.6375354169120163 0.14538682313828677 0.0830939209608661 0.2729906164578857 0.22278057271544782 0.7120997762274691 0.5574326671732129 0.5620045872965775 0.5625183871282173 0.1175806966989491 0.7218372556286335 0.6047787968782188 0.7641984138062846 0.945921815735158 0.8853724238157542 0.22595999511702747 0.24419200922110695 0.4327762239766393 0.9388885365776279 0.6371708165010036 0.7026012470397451 0.02687157780398286 0.6047927972513869 0.5296343146515021 0.04450756450117488 0.5835790274018355 0.24163315142924346 0.22174685149975215 0.6478971527154821 0.15726645987919674 0.009258083292870256 0.9743608740674442 0.2977551863514355 0.07532757546907931 0.08129706960923588 0.2722448597310839 0.7965797378010908 0.5742964151730421 0.8804224483477271 0.1562823740371596 0.7618850346405698 0.24549128837739265 0.375754541484277 0.3045424706629678 0.9967105878666694 0.18176895074719723 0.0012527001776272417 0.17647069345561273 0.8604402224610389 0.9266038522368901 0.8575813109003732 0.07605563166128781 0.29588790857706604 0.2819007347988516 0.12538582161274558 0.2698990730699107 0.4241249726738714 0.2734680752198637 0.4305744653004696 0.3900096972942403 0.8366078110779869 0.3023952830650892 0.7908700757193743 0.7871016656343003 0.34605994671171236 0.24623900530946496 0.11347164958157552 0.6862028529640677
0.2546244404954481 0.3701814144899068 0.046612452858388664 0.7398065547009086 0.2562310258680338 0.0 0.43626531652156253 0.7285367284315574 0.9247744800327982 0.19588527011454282 0.9743621506300091 0.7351169413608857 0.5190356130140931 0.7761470887368692 0.5825826306074079 0.771140247153937 0.190490931500656 0.16415462443414874 0.19636049029619096 0.04598928768789179 0.011113975289865574 0.3930934905960919 0.1750714829836958 0.9639972417137019 0.07905669450288 0.1897881654609508 0.5435625334502021 0.12108478370456233 0.8206596555240128 0.3209489087893507 0.5688040842950073 0.39097870194421136 0.38200203935124344 0.6618503497047397 0.8425918231214046 0.7565827782328443 0.17572466459165215 0.16111578024775997 0.9600181625543053 0.77362565868734 0.22627514011761785 0.15889721649242916 0.22613427145864196 0.9085026590190938 0.9173473202362747 0.9773864496834431 0.7587180289559635 0.05374687545241075 0.29464163646607344 0.9799029768967109 0.98011719897734 0.24790020059281648 0.012773527818477848 0.38968807973756414 0.7075300702339581 0.8035789961656838 0.9914849168909173 0.2278809664148106 0.7332262953501321 0.34357195903702986 0.8077338962207935 0.6669193043633656 0.3703042007520738 0.8563548514866492 0.06064516873820058 0.6135442374344999 0.5208858255549961 0.802102669134182 0.6518134131493737 0.3849087731697107 0.09634483829196683 0.7044139445532736 0.7479566651648488 0.7147638881303267 0.5700770440569621 0.666253871124632 0.8593590137829668 0.8872057096851902 0.33426311316943136 0.19752428533820787 0.03348451684528231 0.32020536155461676 0.9147369037467833 0.4641099198604114 0.2858152409499508 0.6229520885633325 0.6732682503235469 0.9869760352752641 0.09452106232317581 0.8871045663655508 0.6616396952437839 0.11236272270693604 0.7661752244506401 0.9903100446260537 0.30152678713266956 0.5078735649321068 0.9010393394005589 0.9816158645166778 0.8329305041617587 0.6803147772555844
0.7231940772730729 0.32896978799476506 0.45271269153923055 0.41170565645806245 0.3585927445686711 0.43626531652156253 0.0 0.4659252370819449 0.6313399511697873 0.8011425636414546 0.8847761625015411 0.13566177274204894 0.2805854159100236 0.19928998380493812 0.7090070024914842 0.06230827263667582 0.39835689914423444 0.33099079343105187 0.3595543259997338 0.27946966820574415 0.6398867928074401 0.7991224048341566 0.2830166326420869 0.9797050783492157 0.34265719098913916 0.8343967870235792 0.01174590564536604 0.7699454932483972 0.1766812043876892 0.14943147085271824 0.44750434366138747 0.7820401370660154 0.3232615787400831 0.7246383003644642 0.05474032145017316 0.9286087715841318 0.062011161916639135 0.34830649511461886 0.2942089952808259 0.002733723225859852 0.4713895724716588 0.5095624757185515 0.9807020305901225 0.7888103998972369 0.7567135740225932 0.024954642258321447 0.07106125595216917 0.660262414307645 0.3241583727680818 0.12409968752620881 0.7507827651042436 0.7062381558209617 0.49943770525498 0.10657078282064969 0.5850839987942908 0.2011844253503472 0.43012254713694953 0.17445050568303633 0.4789178544109044 0.020109799613067025 0.41959632639276645 0.9992028664227404 0.8488552510542647 0.40377059792003334 0.10234632448552194 0.6437970670496531 0.2746933840973761 0.8103956327589116 0.6662193003012371 0.7015184892994951 0.3654431886858359 0.2669986336176615 0.3354114800222264 0.45397366937609906 0.7423111185113695 0.6972810312793921 0.9624019412860096 0.9857398866372092 0.9880860310557354 0.6145066284869467 0.7769948107178161 0.8824408253649579 0.4970604215640463 0.5027122404666895 0.3407802488535743 0.31174309976769243 0.6233470252927577 0.7315742668135014 0.06596953094412872 0.7066916925844946 0.6589224184496436 0.5957891165848805 0.980371371674457 0.8131050413435965 0.1422153498713884 0.11432921368769688 0.9760848505924601 0.4147406867452925 0.9907781311982781 0.5298962949368572
0.016846152497898337 0.3422155659634417 0.5338449906040422 0.3541098412604452 0.6868077681631728 0.7285367284315574 0.4659252370819449 0.0 0.36139975797312796 0.8437238203416605 0.30394794637282596 0.6520808748823361 0.8787127201898896 0.9461095699754623 0.3601542498503826 0.17867089963879235 0.5699331319822463 0.6977329145145684 0.910351378827073 0.7723060799022895 0.8572823869422322 0.3281639871902198 0.39519858829628784 0.8740851507675521 0.8200413750932268 0.8097121054035562 0.6994877345134491 0.07161498254475085 0.5823603279083763 0.1764214504360888 0.5660008011206916 0.6906235174514775 0.1513310479049197 0.6900005633700598 0.772608697916607 0.64284171183845 0.7745197993665836 0.9074265271899646 0.8926322402876524 0.8211868968863023 0.6552857473663078 0.08789741916898575 0.7636874571608876 0.05547317304960009 0.7056816512034558 0.6965560387707578 0.2726300686751778 0.9802111410090669 0.9857695847541745 0.4044045505046706 0.7450329672574432 0.588361890973761 0.898482216889869 0.3771021858565724 0.8345551211136315 0.006906287649707132 0.021075514295505915 0.41191591911184666 0.8454304565582473 0.870125685828111 0.34163329232201434 0.33565301901624256 0.8548281798300374 0.08296954241298604 0.05987578932989335 0.42817815759617195 0.28562272021544377 0.7901000386774568 0.28890197940706197 0.02023045026988901 0.7659763988858035 0.9832691611087588 0.0636815898640668 0.5859580783795101 0.3913760260844077 0.006337500476285229 0.26722568629121224 0.45184521576110426 0.887185090314207 0.4083213840315847 0.8479701280757368 0.12848410849844893 0.2634290865894131 0.9366601064904877 0.45891552538788016 0.4044754576672813 0.020476359827817037 0.5021662648138806 0.6175600602963559 0.6665447999167532 0.2860492267925159 0.6209843134719765 0.9053207127442658 0.47060658400340716 0.33737667544224315 0.6637422924807395 0.09780346320619182 0.3434313394648073 0.32094091312365003 0.7720621676749468
0.8560040928677064 0.19218514228588024 0.18860765380768907 0.678353051182059 0.9778098909221243 0.9247744800327982 0.6313399511697873 0.36139975797312796 0.0 0.1648325696127152 0.27276083455549494 0.7378100928522773 0.3435695472702731 0.5158336819177624 0.6163722901696335 0.4294952341666337 0.39668090085647734 0.2691007066565715 0.9921317990276785 0.13632987800424712 0.23451790608007317 0.5793405514780845 0.2229245123786423 0.23846972674513522 0.3167612867987004 0.24200478099787925 0.14325581225791173 0.7205696314022774 0.843934529902913 0.9163714889642183 0.6052629711582497 0.5629939622926703 0.06166771354040601 0.40551614626022237 0.06272120188337149 0.21006130617003604 0.9824957838548807 0.6191963653250119 0.5735259974692873 0.9104162229641689 0.34777489863556965 0.6544917311118144 0.6382513475706906 0.8333940268955 0.5591921454665818 0.8459715035572639 0.6986153418153693 0.2496786628595593 0.3950462192461195 0.19214242594772957 0.949163402007953 0.4014908024602809 0.7843587703674544 0.06798323671365836 0.3890458248660571 0.0485984882559789 0.23416842364293022 0.9604172565787579 0.5171957400991326 0.1365799985755195 0.42454423032030164 0.16424145105690513 0.45270664733075905 0.9503188430333088 0.9455499765551549 0.8494138767281433 0.48687839192139015 0.8484059547041419 0.19668485626363064 0.5176908561432022 0.7839617629783974 0.8895394837834983 0.6996455620413856 0.2424643557117877 0.019385429507838614 0.11824292277961646 0.7798106373919362 0.4807867569144474 0.6102759454237827 0.09920521077458933 0.6653004784632642 0.0022845231629674556 0.7102575255113274 0.6141902824548898 0.23046958784936333 0.5843912661552474 0.9558237121833727 0.8254045364833786 0.3209470021093228 0.7416587796349415 0.6917625195332384 0.16211011634044314 0.3493886945157285 0.7525943143706891 0.5379066344879732 0.6867117719128666 0.009860768757570915 0.2528193569207 0.5357805599212268 0.14873678655726297
0.548824183341213 0.14169562851076223 0.8896544045084693 0.834982306995431 0.2288137950306519 0.19588527011454282 0.8011425636414546 0.8437238203416605 0.1648325696127152 0.0 0.43913483231410744 0.34965166114384283 0.37908321236691067 0.7705222583513629 0.02677199843127076 0.3862386431095298 0.2649048014905193 0.37751595141546235 0.38295959199616525 0.5360785810622429 0.5828912738660349 0.5464132547980869 0.5420471284833239 0.5411800462154979 0.9760881382680937 0.17198755227121654 0.8186150143413878 0.4418450098089791 0.2998660827645405 0.622297738005889 0.7893750602661513 0.19400381767595887 0.113419466440971 0.9709260335632612 0.860877579765829 0.24824350410946394 0.1591291234037373 0.544718932785643 0.4432030218351658 0.8271223026575664 0.6437733112201297 0.35673779605005895 0.07403130268748093 0.650440312538123 0.053330671064840685 0.7972785271045431 0.4048950418415457 0.34417674978244306 0.04388317636229744 0.37344827340846654 0.31216191993521425 0.957348565072261 0.6284304577842392 0.3005263303180339 0.2975881036408058 0.5042394692498123 0.7531391656896512 0.2869862633529392 0.3403063714949488 0.3425191416487856 0.7762468410590082 0.5713108968151385 0.4353278329002651 0.08162157213056731 0.032863101860739485 0.9995867559289273 0.7060018788471766 0.5876983977496898 0.28755940230257415 0.3448518755376849 0.26662830380360714 0.014195274120646917 0.9614369487204363 0.14499787759293603 0.18130748704020783 0.3228781075296874 0.34851124256469446 0.8334630475161272 0.18522858424496536 0.768252741951573 0.19587493648147736 0.6789453801198578 0.8052119091609868 0.5052994714782935 0.5918259822905313 0.17874493556500126 0.5119857454268993 0.1265564383258203 0.7171760980087024 0.7711197315033552 0.6391255610848438 0.6749298658542648 0.5640349206807728 0.8927509036730237 0.5203565601503917 0.4571367458783594 0.5581336725427725 0.59615271001044 0.08421924645475443 0.07180730991386097
0.5270859637922921 0.020350768884929482 0.029073228436759746 0.1748498287913205 0.4212933945937123 0.9743621506300091 0.8847761625015411 0.30394794637282596 0.27276083455549494 0.43913483231410744 0.0 0.412440868058047 0.659134262616646 0.5295860944545199 0.5062215919563491 0.9672282195700622 0.1940387049598833 0.4329403441041212 0.15826866119551353 0.122906045601469 0.8922519771498442 0.30183344967032666 0.5717998351190089 0.7822095648956052 0.4738010241113495 0.5001388601227845 0.7217618014317029 0.31800165841933126 0.5602302817375753 0.4924633739559583 0.7077403114746077 0.9680289090613469 0.057897615937160585 0.9188523283397588 0.7914570089984903 0.2671646445933469 0.8004130605779926 0.21528628381612058 0.6439085281600126 0.7571707179626705 0.4461548731056588 0.5312470524389493 0.2611005746732169 0.16386129082623813 0.3284451371669167 0.42863380445293997 0.133924411919506 0.9986080990015094 0.1342144612323367 0.811555293682296 0.526102131789857 0.14068283794089387 0.5612245654585108 0.22861932583906408 0.9118364188638447 0.011948477186751738 0.7103084404241231 0.9482211360359948 0.300597860437247 0.12127079684526498 0.9758669825241364 0.3394482643033877 0.4105238879452693 0.5914095211805775 0.12204240087514528 0.7248783967936195 0.7169083235668702 0.7200106734426961 0.8216873439356955 0.5772565398489939 0.34267725147759476 0.9058001963131618 0.18363140330790428 0.6933609712264575 0.24754714076767226 0.3929452408863183 0.2854742258119569 0.33393979548818764 0.31373428910378065 0.32305998613582165 0.28948091080479943 0.6702159960882611 0.16552684980212284 0.37281554719282495 0.1972229180416134 0.12606207686287885 0.8244967794275537 0.8816562795591959 0.7481290771449967 0.6460026428624438 0.23536628326856113 0.4768380202440936 0.42744078156711607 0.7789555450089977 0.49810764183599165 0.23721455117211532 0.9634507737483543 0.8875484010758982 0.07008784549809233 0.9155276489938993
0.9775181219145669 0.475987737887123 0.49668803395885 0.9483772356943317 0.81542706217213 0.7351169413608857 0.13566177274204894 0.6520808748823361 0.7378100928522773 0.34965166114384283 0.412440868058047 0.0 0.06452250707322638 0.49687318658769397 0.9673182670184884 0.6101561190411389 0.20765566673238922 0.4027349676479829 0.7883331777667361 0.08979985053567752 0.38342868556803245 0.1294431568045834 0.16599202410739367 0.8650236072710723 0.37939033826994806 0.23544798439652193 0.33890760034111955 0.8368256442788441 0.08833696307731664 0.5301740464785553 0.7384594720099245 0.14444190133395696 0.9082939675381718 0.326266101020551 0.9102893951748171 0.3062190630114129 0.5719940476730451 0.5308025585897964 0.4414356666273642 0.322756571510609 0.045549268611907445 0.7066794413913141 0.3500116833844742 0.8983491868575159 0.9037914933285895 0.8982894377661413 0.07455260972574529 0.631086624233633 0.6521473195893935 0.47062197670542383 0.2667599710665127 0.11569221943332864 0.7045626642323557 0.37636142132080364 0.5642604956625661 0.27655512473860244 0.9778428835841152 0.8338790831241423 0.6987446078184844 0.0838210948469198 0.2895258301898058 0.39996233296828243 0.5030142607276769 0.14605613021899355 0.6939623793073714 0.9779717849024987 0.1557702717908429 0.8766788495508727 0.43467021760640534 0.7748036778052078 0.9871249928781002 0.9949522614682232 0.8522702502482019 0.6780661835553561 0.1655421981657812 0.8887544477222296 0.19622525924761125 0.9234423038480761 0.72507325345492 0.7351103279817914 0.19127910419707705 0.1657612142231294 0.5739677937352204 0.13805371184744197 0.6223491151843846 0.5878731279301476 0.7501589411215088 0.9502945946466637 0.839153347508706 0.4865187846779634 0.03445023128930014 0.143741521987097 0.33408717133344645 0.5358548169163051 0.5030597158479713 0.4422936047581685 0.6300505565700106 0.6786336545772801 0.028926140821807222 0.8032262662693024
0.642940810220843 0.2935977479234785 0.5352123595804015 0.18647449723794862 0.679599824046585 0.5190356130140931 0.2805854159100236 0.8787127201898896 0.3435695472702731 0.37908321236691067 0.659134262616646 0.06452250707322638 0.0 0.4373463863095045 0.08911866039805838 0.08545373650358967 0.6616663161759444 0.7725446976126079 0.20836232087590045 0.3167997168195892 0.24526729146917137 0.5874729993880716 0.35667920471443304 0.6591103264558573 0.42418170510656394 0.1135654685884715 0.7779035985372602 0.8035576156014416 0.10056890020833986 0.9068678318566218 0.49611749993861487 0.22362407959468467 0.8229356389014593 0.08352860490481095 0.9789287062442866 0.4038522118256723 0.009205295475117059 0.053418654995197934 0.35928928779538183 0.788113654050481 0.13869180363828526 0.8488960536926606 0.5640929547634944 0.8937369289063068 0.9165406352179725 0.4777951982894634 0.3860161030525191 0.22448354434549034 0.4527408424008036 0.8710967479089079 0.5089463134022572 0.6212580945563961 0.04398061694306288 0.4590303025941137 0.735908983137521 0.19417314681346542 0.03286042640237574 0.5656304898644541 0.8047050680944398 0.16502310546924903 0.6567417117217539 0.8355668757179493 0.1209107097043709 0.43889239330129914 0.737066816844816 0.7797357962193293 0.08152804403552927 0.9586145258301053 0.7027380396174397 0.5901882401415602 0.5282476449051189 0.3452255677873042 0.4421099969130141 0.002468775980405291 0.18285820548124687 0.6505786000074297 0.6478064450019381 0.012653400941154747 0.9556232120079848 0.47297603155162915 0.1051493334434368 0.39247989607240596 0.4794082090209969 0.8910078833795458 0.14872718309435462 0.32007423404929247 0.41294124292810785 0.14832917330747675 0.16697747852076694 0.49485490269906784 0.1187925806296879 0.9406197449597534 0.44912363373225606 0.2078534222382178 0.7480804349108894 0.9176364890793298 0.7417270190710026 0.4125362698392555 0.896436457649564 0.9201141076463936
0.7794479131488312 0.9301195873444107 0.7739503636810807 0.4883561072955207 0.8434329627833548 0.7761470887368692 0.19928998380493812 0.9461095699754623 0.5158336819177624 0.7705222583513629 0.5295860944545199 0.49687318658769397 0.4373463863095045 0.0 0.10994766134871004 0.6698530099485024 0.7028194361514741 0.03761041413900679 0.8676066253219193 0.8776441741427004 0.9850542714167695 0.9083755023156048 0.7614528032330354 0.8954201086737253 0.49426427856172395 0.9266587931893622 0.8250760369492569 0.5963827782143997 0.15256908932415092 0.6301063376177826 0.171207180529949 0.8024893257456212 0.1787185968391043 0.17284667733968306 0.025978971964655928 0.6338228279639259 0.6039055803125422 0.1288451179391491 0.21584837899930454 0.42486207385169517 0.2775711944761341 0.14762122038644843 0.9139994349706962 0.5817080764682809 0.7411431113850862 0.2735881944615506 0.6827989705269912 0.20964657400999331 0.41331968457697255 0.786376791555157 0.35146518276040406 0.16937195067788213 0.502926189464125 0.4721138615306333 0.04146481052941853 0.09797331352312222 0.44328605670101806 0.7002707730784227 0.2208704111721037 0.08690434207255693 0.8768782815351533 0.47410765650437914 0.6842112003240719 0.4782329658217308 0.15653130669353377 0.7063486642489202 0.7738498780511106 0.9026686861371002 0.6447420610776361 0.015663998625215836 0.9219368201246559 0.12898290299397586 0.9922289199470313 0.3856282127021019 0.8485708579397929 0.8947104516061054 0.7082300685725589 0.7293779337892439 0.1729203955916142 0.2938147376450203 0.8116640026884456 0.3023996489576344 0.5242937686289005 0.28609870977414287 0.4959945367986649 0.716330963314796 0.1140213424380011 0.09757765565270826 0.6905192825824319 0.3696794464931352 0.6299254986671677 0.5242638688410802 0.903477088271132 0.4150459841480729 0.3043807277096292 0.5323968923881889 0.0010388657683675362 0.24180960757285686 0.9147321158025943 0.9440306053558849
0.9136135435755862 0.3868644084678934 0.18687329507363082 0.5283836517470124 0.42185922380682717 0.5825826306074079 0.7090070024914842 0.3601542498503826 0.6163722901696335 0.02677199843127076 0.5062215919563491 0.9673182670184884 0.08911866039805838 0.10994766134871004 0.0 0.275966390454468 0.5424973367304967 0.5956135340688475 0.5776759294960491 0.366037007128319 0.15909490865340148 0.26439870126594134 0.8657989157815617 0.1989702492182207 0.678168723330489 0.6111564148923618 0.37766124838953685 0.23117237589965256 0.6819707746144332 0.6403487727563895 0.8347382177841592 0.1631404349731762 0.022766468604418222 0.7554400630862832 0.9087254072399151 0.6237745760659408 0.6757630623332757 0.25741504013375993 0.4156712628936319 0.8670919655631589 0.7638343324485986 0.050664201546613885 0.9140368287508706 0.08805715316709395 0.8380480178493261 0.46288473612265146 0.6266916979667262 0.38597201077639975 0.514904340391773 0.9895614268477214 0.44650138296885133 0.6712341925295295 0.42584667903865103 0.5810123645790967 0.7162270364488 0.981926702328145 0.9110855199014632 0.7827257603456275 0.7686846912745096 0.198862422326876 0.3765098688012949 0.5872916368840675 0.20754497935069594 0.9122487080825961 0.5576504918021514 0.2536759215174035 0.659370411750487 0.4657250072644856 0.9300780515338283 0.6887308046890444 0.8006612424088703 0.8707713378899112 0.3091570121098134 0.6704783699253108 0.03397721995613778 0.12808984707868654 0.2200169170254922 0.43980249057011134 0.07846189044338081 0.1608695301024714 0.5838393248037945 0.5143951449336425 0.13651855159529358 0.4372141336985227 0.27063041946500654 0.9747878157489728 0.8093210690134349 0.8210847242626862 0.5422594147427157 0.22758501396782194 0.4669745348224752 0.15538681579083724 0.3417250646963762 0.3936730002467823 0.7185634228490495 0.038472861907612566 0.4445543393638467 0.7915385453351063 0.7818474490707175 0.11363535902697763
0.7659791400023382 0.9389159909059471 0.7640070100948159 0.15941835671869586 0.23898975730197436 0.771140247153937 0.06230827263667582 0.17867089963879235 0.4294952341666337 0.3862386431095298 0.9672282195700622 0.6101561190411389 0.08545373650358967 0.6698530099485024 0.275966390454468 0.0 0.4975743302594615 0.9917461283255865 0.5087265682831802 0.9888915037179897 0.18983075580361664 0.38769731415415853 0.960446271013216 0.1583525575728083 0.6466049252584327 0.30106192802809295 0.8222996576983329 0.6703369683110452 0.28307032258197884 0.6658609735199854 0.11624644806804352 0.502877536427352 0.5297325635997391 0.318916566086645 0.5739179925065422 0.08466006493148304 0.7764200215791955 0.4224366207389998 0.7270136928261 0.6450980656237635 0.6566521818745862 0.36480891268942905 0.7411433312077418 0.6633032122048109 0.7601952427302672 0.3717651099081678 0.4536620358081751 0.7788789719290143 0.2701063325662455 0.4834066197450597 0.45825002857126196 0.14974885937047744 0.9401163389146532 0.9347399073936065 0.12819950020657855 0.3163137807376313 0.0912031193360261 0.7836225732914593 0.17306085703711216 0.34183005476504014 0.6319130553530381 0.9912793329734592 0.16660675643019196 0.4862006083143391 0.38816666753600115 0.5163940340759651 0.8848783170130475 0.4759325201625626 0.9016959180958305 0.24916403665019726 0.41332352833576314 0.6026853140259223 0.08988704623205623 0.29614423919369537 0.037517684227162396 0.30619067151061297 0.7360870035972114 0.46311729795520007 0.07316460486032217 0.8814887290949737 0.05757293453709922 0.09651625669308073 0.2941563287850838 0.4225769855197007 0.18055486941398335 0.01946896977104484 0.17217413707838347 0.7986796879736808 0.7127441706913646 0.6200526825955435 0.7859377824049504 0.28553324960897064 0.45143768288415853 0.8832302371055302 0.5172456242454175 0.5835802139437155 0.6368640744934402 0.6796863453973885 0.193585003282005 0.5416738906592357
0.32924683630532725 0.837542735807051 0.33796519707067674 0.3838265041703859 0.37134453898013553 0.190490931500656 0.39835689914423444 0.5699331319822463 0.39668090085647734 0.2649048014905193 0.1940387049598833 0.20765566673238922 0.6616663161759444 0.7028194361514741 0.5424973367304967 0.4975743302594615 0.0 0.37862971666903245 0.62472997998167 0.16673183283729853 0.7893819623872402 0.5018246668865884 0.00649404038729251 0.9635646982963127 0.9250837125544317 0.12162303570873567 0.08840577621952517 0.03892146149221165 0.05377392647862267 0.30436676775255755 0.12572922006355436 0.9651928581114806 0.3520889385228023 0.6971103155115087 0.10431329992360638 0.49840052275474345 0.003907609648628796 0.3879097080019136 0.858097489293531 0.007463692433647862 0.36901599876038527 0.8005663428081427 0.6034445447147563 0.4196433846793195 0.3382917047295063 0.3236945453386504 0.5568927056530676 0.4143381299128134 0.40879587990412714 0.7117021697067792 0.30665346703052165 0.35717197059081873 0.18871807872847168 0.59462839717514 0.1402876534032267 0.253428279622989 0.6350819056426218 0.23737559338293646 0.09625024953728334 0.8922465545625449 0.8152733426451723 0.18142964575514786 0.6995468375366674 0.9685107594432788 0.0907090064410716 0.8381996098717772 0.8413090029868521 0.8523812486459986 0.7608273253915844 0.7579461105844173 0.8809293866797386 0.5397023610037072 0.544144021351533 0.9697936907913527 0.3128774585701909 0.2806920691225038 0.21741417107405403 0.314901091439862 0.6157658086412197 0.8909506900301462 0.904738298450691 0.9987431804600654 0.5859657795666495 0.16593882975831298 0.11387084539526882 0.03008679099399092 0.21686000362463176 0.0795147427381403 0.12414885385432473 0.03631851813148157 0.6208999589980888 0.9291557127796413 0.34411148964136606 0.44395408161702754 0.5043888688313906 0.777676339383498 0.8274212724368557 0.6206421033657803 0.029497840694971078 0.6825714183693992
0.7247372512118927 0.04401417001446262 0.008212395536212225 0.6337708192488564 0.5069902879912338 0.16415462443414874 0.33099079343105187 0.6977329145145684 0.2691007066565715 0.37751595141546235 0.4329403441041212 0.4027349676479829 0.7725446976126079 0.03761041413900679 0.5956135340688475 0.9917461283255865 0.37862971666903245 0.0 0.6340454825801854 0.8388696542424531 0.43203019138444043 0.9131607229631289 0.5372536276216049 0.27316833034201815 0.07384568886725229 0.9648057522574576 0.8541408745935956 0.36743563217562314 0.2049915805758491 0.8573588481680157 0.6252914889384978 0.12341801354506177 0.841599727554225 0.014459367316241534 0.15595318515247902 0.9827871144626886 0.7989483009424082 0.3486366906223174 0.21424848024452559 0.5247187919289388 0.9989764697089025 0.2401903430492105 0.8085121664855913 0.061265478680679664 0.7320235297377395 0.46926743213069755 0.5940307815524123 0.5807375966605699 0.716945495642752 0.6140763855884711 0.7953370452485088 0.3234764847160104 0.45970337425762786 0.5543777250300729 0.27542691373619355 0.8755309707100368 0.7168936251420389 0.7389250279937815 0.8885427719582757 0.723437846066557 0.998809614697569 0.15169234040324464 0.9021631853979319 0.8660309569211964 0.9748905109859275 0.0554053683630128 0.4749118819768978 0.8602734631385501 0.8515123861579321 0.8234953345794401 0.5728685998600547 0.9533611313447414 0.5026779535515851 0.7003165604788903 0.3089721986856756 0.747743175054695 0.6774578679870817 0.874233012179537 0.9035605305470433 0.8520591438781168 0.999291254226026 0.5488424210670154 0.996596111975789 0.7295873556724051 0.8236054618489588 0.6103887620600802 0.9117683596404381 0.6748865002320806 0.034944991460142405 0.26267854134243007 0.4039154026845755 0.691723468376446 0.7133987906680137 0.6982272190437463 0.5616516822176816 0.9018879272738969 0.5663864039914633 0.5504882278854151 0.9007288252576853 0.6748562094633049
0.12959912252806782 0.1073423862361439 0.9069825937150116 0.05784719551524753 0.9131126659301518 0.19636049029619096 0.3595543259997338 0.910351378827073 0.9921317990276785 0.38295959199616525 0.15826866119551353 0.7883331777667361 0.20836232087590045 0.8676066253219193 0.5776759294960491 0.5087265682831802 0.62472997998167 0.6340454825801854 0.0 0.5206481870165425 0.10376951524943012 0.7809665111582117 0.8476655492823152 0.745191377361125 0.6723381396553794 0.11809226635863534 0.9542690735935851 0.7422696782878947 0.6839937226994661 0.3312666184177163 0.9522392007777452 0.25596965770418123 0.04565328823302006 0.44756309563272023 0.822092945217062 0.47468267015626153 0.46803801496993525 0.3386820660984309 0.41333206414322043 0.6906754817106666 0.6399514901780377 0.6387140976232722 0.3879761297071955 0.780755451492893 0.6890746228006427 0.8739264139775001 0.14452737605335997 0.9491190709731846 0.6020190582438302 0.48066730488463805 0.5640944747088796 0.4101578923758381 0.22961709571367495 0.9579816008161363 0.09016317221429349 0.8065343288055025 0.8147823089403846 0.7322545356150123 0.16028484636254003 0.4574080821049594 0.37205450588864775 0.9771724607931487 0.4544670645303087 0.6804710703764449 0.7168476573792216 0.9396613838414692 0.2563180707126044 0.22389657290530396 0.6502942276116462 0.9161257388455797 0.026288311627383876 0.255698912709734 0.36399669673642077 0.2829344610708763 0.6722260993223218 0.047061328703075445 0.5776639189462952 0.06883800740777435 0.2953566336998533 0.5807062090467413 0.5396348814461689 0.8706591394263616 0.5548979464276251 0.8142964810018665 0.962477115830293 0.6224928801813432 0.37353880876468826 0.30610097332377206 0.026558939903199463 0.002610254308507809 0.4040625324732924 0.3700145212407069 0.4861842303235482 0.7532540428083568 0.36342202880980845 0.7047580685798518 0.8427456380505046 0.6519174485014687 0.12497835337074314 0.3126664518754172
0.0507781313198864 0.4032447520343738 0.15970469131013565 0.4672868717117271 0.4932778087497717 0.04598928768789179 0.27946966820574415 0.7723060799022895 0.13632987800424712 0.5360785810622429 0.122906045601469 0.08979985053567752 0.3167997168195892 0.8776441741427004 0.366037007128319 0.9888915037179897 0.16673183283729853 0.8388696542424531 0.5206481870165425 0.0 0.79681172532423 0.6234890534913957 0.6037131447482689 0.1919015984066137 0.06867613602957146 0.3325485256808258 0.17030443887303415 0.10723595858813206 0.5323852484012211 0.03243100134204635 0.5645509521462532 0.9198414575909017 0.9016519332904768 0.03628954294008635 0.5445949891152639 0.8692232455061945 0.5369962613433932 0.2907133350643193 0.9184405946633448 0.015123078974550341 0.04328640350557822 0.33403923044510897 0.599201020230767 0.1448321159994932 0.4687310662304721 0.6173861432319036 0.5610568135012622 0.796783831720984 0.9207924995742078 0.05153452535313974 0.9075807806160899 0.8572299801343084 0.10297743618761102 0.7156158861458317 0.5616035378361097 0.38024227664031507 0.6766264386321131 0.34741483050647826 0.8972832807131852 0.7536565708841975 0.6955412764933896 0.9620661351028001 0.5913022874346798 0.1431409026416296 0.9817774862863503 0.825616203610877 0.23274368841852755 0.10171719903980181 0.655357854633372 0.9158247578238471 0.47627919462444546 0.6897708945850355 0.36529140577820407 0.2491240869036856 0.5017144272420498 0.5617000363694926 0.08789916328957503 0.27150999573223755 0.23581289383604864 0.36898648296206704 0.8689512656757592 0.12476746269737948 0.47595237321152906 0.3454341737240666 0.8301008007117634 0.23040059264779933 0.22159510445037267 0.4785925240262189 0.0019308301928974148 0.05365893178233094 0.9659685357749365 0.28554338395504864 0.9391946587758804 0.28963868970568085 0.15301062307454572 0.49258822930859425 0.561524003924799 0.40386039713836497 0.276481060303747 0.6339507992463842
