0.0 0.8809198240102393 0.222986507920799 0.017757601499936215 0.7667038539744497 0.9459909759905735 0.768197698222698 0.3254568265574409 0.552014057157169 0.3214368849358742 0.19770974094889548 0.2042501466222496 0.1412978613422643 0.38263423253264506 0.5995881808560624 0.5494768874983027 0.0993871348828187 0.5590118099484565 0.2005824666408399 0.5680938225302574 0.9855665185605347 0.7130728951540766 0.024175545892429873 0.9865981683869064 0.2449924168425237 0.5525892939122065 0.62429904549082 0.36805069965197534 0.40746020000144323 0.2429685394716089 0.7227387210973418 0.6537078420997652 0.4371723352311051 0.7544106560440098 0.7819749488684052 0.11636095518208078 0.2581147117261985 0.37471226755212317 0.2577457783353566 0.330298075888396 0.8797027537105001 0.8207845357052942 0.909074403849944 0.2584475901488863 0.37716280229706156 0.7465205894231591 0.15702878230722506 0.8793986591857383 0.5043986737292661 0.47557996028676897 0.5735804368337293 0.22774988313024191 0.29597916511202804 0.7617945816852258 0.036572387030824105 0.1789937593317299 0.9139811448370423 0.19684080974659202 0.052592784941862813 0.4479913081545921 0.4297969296884844 0.7815904481296347 0.08292826492806915 0.838303731254994 0.6081747162447291 0.155664499506194 0.7780423953976228 0.18380989912849455 0.7153542206631203 0.7952507658713382 0.9103169830549376 0.21560322599349735 0.4037272783717204 0.9399956514723038 0.09816051728334929 0.624119936380269 0.7797127980878299 0.6471571820229172 0.5530792709051218 0.07471139238927571 0.8708738342237502 0.8379409396644603 0.1473971150049299 0.339023637260922 0.23324254668339017 0.017258602549539037 0.24882693794573985 0.36993171333700636 0.6511271881952309 0.9022245576933124 0.8501479953370538 0.17935443981447552 0.2930456484441394 0.3716358535797941 0.04462969269891537 0.8772239286569115 0.7462610474992433 0.8009302486441793 0.13297312267380834 0.8412151461900226
0.8809198240102393 0.0 0.5840201908648215 0.8283105229282663 0.2431985663992704 0.35314906783786393 0.3348440115175042 0.3443425287489206 0.9770550145483129 0.9294495074610586 0.3002045757989924 0.46566881968495 0.5101370727418074 0.6908781732583218 0.7729229989731652 0.556087499062256 0.3931658304948087 0.6665828035988913 0.6210930432990514 0.5407589136502741 0.2477785499873021 0.5467463859970386 0.19397790156151118 0.38792804433817163 0.25523429356751637 0.7509415915877529 0.20880063127193382 0.3347555853678047 0.6423129702803382 0.18533407591939843 0.6648029191323783 0.04626540704071891 0.37861490384430796 0.11564265816772734 0.3879986289202738 0.6016995640358063 0.18773510547894945 0.6615987766804953 0.07254559358442814 0.2660208234508964 0.7761678834730739 0.822552519881803 0.14833879774674474 0.5030340371389287 0.5916856753983508 0.7210520408376345 0.9490928267777923 0.07394236572315949 0.7482266217553369 0.189420464412424 0.5567123895780915 0.20784594384788369 0.825051555346668 0.558936948330107 0.18625583157296632 0.8645187668927157 0.7324289680925502 0.6881365622742144 0.2665155615828626 0.03042333300163924 0.7910807957365525 0.6176005752176978 0.7590588708150918 0.5344862384610151 0.2331937178788851 0.8006547001627935 0.5687841042524375 0.5685304419778825 0.26032800831222225 0.34800514897372414 0.9359708707240425 0.13789840234823425 0.2714989406151449 0.3631916804670918 0.6781873369041175 0.9277245352776253 0.6405735412153793 0.5192988875520061 0.05552219948579462 0.3179410147248659 0.7803069471675098 0.34537552813330996 0.4698445897452125 0.206895973882799 0.10173476225901457 0.1476878736283972 0.17302458339431914 0.31447595644275395 0.16725822871923046 0.7367799460983514 0.6273843654925776 0.5856656333314619 0.17726758121089026 0.49093863399032023 0.5685459390486303 0.7782041658046718 0.7557131875102064 0.16997829496454986 0.5350232862682314 0.10873064601306959
0.222986507920799 0.5840201908648215 0.0 0.7677888046242927 0.647332644128612 0.8175450542139487 0.98202560583569 0.9951623597069335 0.1839269008010156 0.6986651883905399 0.943130964495944 0.9792233787018925 0.4916690004597476 0.651739631459555 0.04639637203464697 0.24643776391831673 0.5551532720094926 0.06270024600032609 0.9751433887271522 0.633114747925077 0.5870774273242692 0.47000562677848123 0.7411060972128706 0.4856477033971037 0.3335537343703744 0.9573053734349269 0.7036974477729969 0.4339841701191878 0.7536070409771102 0.27923080676932177 0.1816953546171558 0.05763759738657226 0.5990858601480344 0.5330939250689158 0.767297138926048 0.9048096533907712 0.42574356645561073 0.6543642448886731 0.8817623780805455 0.5067579248371026 0.08401989103970486 0.6645865551322664 0.5348967133564294 0.7817447908571392 0.5438838583012364 0.11797518993642353 0.13758093339160915 0.08498324414125413 0.46331146899632225 0.27863507183256075 0.7664088272324144 0.424988959903169 0.7325657132553514 0.9164971291947372 0.42262784933163977 0.3832987328354176 0.8122584046706789 0.2804487996846464 0.8243428139930017 0.3625479129568677 0.2833622604880097 0.14378583172850568 0.6175478827178357 0.6049408803807211 0.5748260422731678 0.5655558110726937 0.07439932600502652 0.16555071728279347 0.11147022593604228 0.9318715179557597 0.7824105989875682 0.6341982723781646 0.22312081910656656 0.833795596750385 0.008737783888630335 0.5903164549574795 0.1962545385451414 0.7207305831414698 0.13609502207670998 0.6726594081980404 0.7308817764163987 0.30256714075484914 0.784326517883292 0.5536320587225411 0.21978289145737995 0.3198885615474051 0.33472471685045435 0.7660366786788215 0.6656022081460347 0.5134430471237615 0.9132519390344129 0.9346898299342141 0.3611078711141086 0.8951051651722729 0.8564195924973342 0.44059995320868117 0.24018376039282563 0.38340295667367474 0.7049140356028496 0.5068724768747365
0.017757601499936215 0.8283105229282663 0.7677888046242927 0.0 0.9892499974774718 0.655310982922853 0.5898344774783219 0.35520671636461465 0.4452983033722694 0.1640337314437661 0.9261029731586335 0.3812002384944968 0.40834860784786375 0.6585962490597209 0.6808355374918005 0.3220953797021002 0.0797133875364735 0.08575094479752055 0.9554518355264523 0.16468814772161466 0.7767824222516296 0.2194948398909563 0.7570174590947257 0.06231008968504881 0.6505813195046818 0.8397885396144342 0.28028084016912735 0.302202866891771 0.2832591684249305 0.18652615394819172 0.20757091261278315 0.12139864291518576 0.7619558319853269 0.8109503532652034 0.9599168746503561 0.73568819915986 0.6282223088463631 0.24491437342694922 0.10276223393197381 0.9111457748758367 0.3955977710621642 0.7043560906189185 0.9719375810582748 0.4957344850164236 0.23579018915038974 0.8265480336549147 0.7470986178829673 0.29062284193122156 0.4630100449312141 0.4598133355501407 0.10101927980577718 0.6389831054703983 0.0725726348518394 0.8362676511471793 0.9310003211732465 0.15394133437954638 0.4663290740031618 0.5697588283576791 0.5954990756896923 0.5855515830039281 0.34495419761467094 0.38628391152147 0.12259331285414554 0.1952630842616605 0.7257973192191912 0.1616807773495561 0.3640307845483428 0.987752717227653 0.9973786199289343 0.17317148309076402 0.3192707860771705 0.7966166494647146 0.2393384618733846 0.4303267384217966 0.5915579809277208 0.38832098886357 0.05359575580493625 0.6075283066449414 0.7245598507772538 0.15154436365950863 0.5082616165976693 0.18190018951559406 0.8087282214808015 0.46313225009614833 0.8812450454569009 0.18753644224079757 0.8287923990223773 0.030203494300995337 0.4592201813561483 0.848904300763952 0.7171622810386505 0.2646799884057064 0.05156104437214881 0.8113026732204907 0.27234137229599764 0.8643677511908724 0.36839442276943246 0.9092374317880122 0.9185111159275612 0.1844353402676845
0.7667038539744497 0.2431985663992704 0.647332644128612 0.9892499974774718 0.0 0.31161664432231717 0.5351726728905927 0.14153225239804734 0.38332481630803106 0.9264978746341365 0.4259189009039147 0.49075028890566186 0.25774170132440655 0.5621065756901958 0.6661133188519084 0.534213579820613 0.43702223160809917 0.44017669332702203 0.8172716029390841 0.3524958955804628 0.20842007597983503 0.8676359826562943 0.43285385457286996 0.06375181848535139 0.5622178876222705 0.8320135026608098 0.2918345058166908 0.4908618658395988 0.3901453736364404 0.3284329453834084 0.8709612230545635 0.9181274604922315 0.6885055503221087 0.13308025085620445 0.6497112019018975 0.16634824947554838 0.02047510361421012 0.9845495087657051 0.9041756410274804 0.7410803257597665 0.8355609157080213 0.3516641691775183 0.6232812404856111 0.814242096166054 0.11475769599068097 0.6276455595566566 0.030713737445441036 0.9952693894037343 0.4745067246338007 0.8373668701329976 0.6661303442034209 0.8622233106812195 0.6334987801383316 0.16038401823786008 0.43579888340538175 0.5067277271943802 0.8031760708258947 0.9734021672278739 0.9407103854606592 0.7576358040625992 0.8397753707307468 0.7598875879437196 0.75954816117351 0.8004865379861494 0.7075406738831502 0.932232101242796 0.6719617205000923 0.09415138969228232 0.07504208498352138 0.6887785255721646 0.659040993798095 0.2608892611571815 0.1722554113910023 0.010384796761482074 0.27366288254924387 0.6628191643851603 0.7797588943622357 0.8190474870367777 0.8442052116937353 0.8391616395199609 0.024776142446401583 0.32282293574067444 0.5538283728050756 0.4684533116684064 0.3920126362437394 0.5945686123758961 0.19695491547456212 0.44810848101043255 0.6362698052338345 0.6172930995200276 0.626891378315486 0.48466667666454755 0.7949277268324632 0.5350551053899115 0.05660421528358894 0.3877133058817699 0.610326424226766 0.8752860348532019 0.5425116517175974 0.400654834669552
0.9459909759905735 0.35314906783786393 0.8175450542139487 0.655310982922853 0.31161664432231717 0.0 0.16342631489241355 0.3422029648683802 0.40999408214014077 0.10258241204574114 0.7713362431708812 0.4662136945479909 0.2970252141287194 0.2480920920752968 0.145685351577591 0.7844990330344267 0.8341781153410592 0.7102180806797698 0.8732787594933021 0.5353085803980605 0.07505347800958628 0.7858154637335578 0.4450149611679588 0.0696889241723816 0.5743041453676827 0.5299643802206221 0.159330754026363 0.35603236805961924 0.3975005134848656 0.3199692953519936 0.3101697005607573 0.38280707630785427 0.7132363245486184 0.8296117345244044 0.5581075596889192 0.7870795105664303 0.05353909645574351 0.29790992897545454 0.47552970073035206 0.21846204615367337 0.9198114320901736 0.15507064752293542 0.6826331644048347 0.5146088753185201 0.5987296002137044 0.857312638024103 0.472718676977846 0.17097768279087566 0.7596120815375593 0.35763060098694355 0.5923501118386757 0.5916560671538685 0.16848585315698505 0.22027768696181738 0.42732688262184426 0.8968991864009961 0.9925633826944481 0.07206699355244195 0.30719546450136703 0.41343185569129337 0.06766653226627561 0.05104159730855651 0.452561800800918 0.6920409010211317 0.05987411073172699 0.5677660947448242 0.4837485044882739 0.90680088564233 0.11041949788756955 0.5279085508020922 0.5247572867688596 0.024518305580601973 0.011798716960490507 0.19150539323576576 0.06393773214468412 0.1410329143059087 0.0553122491536695 0.9827609417847417 0.2828559563011307 0.7582917271686828 0.3425249545224245 0.9350315948926231 0.8029266565434697 0.2532252305938305 0.054685141537740733 0.957012249388059 0.5155740222444307 0.4641591590298556 0.5387913229815918 0.5516185552560091 0.20679698593953777 0.595508430717713 0.5905068233928515 0.048100223277040555 0.17639436622715443 0.3504594692452385 0.2531931969273983 0.6054968180027328 0.5486048563266918 0.2423507418462718
0.768197698222698 0.3348440115175042 0.98202560583569 0.5898344774783219 0.5351726728905927 0.16342631489241355 0.0 0.1256675572235838 0.7321425528199668 0.7909341745920907 0.26149561300847746 0.9568065907026824 0.9851131388712007 0.4280288242767878 0.10789106076216448 0.47415154845934493 0.2256279103285307 0.4651059537008304 0.47001412026861644 0.43113476462853917 0.9325328525782818 0.7914176181416877 0.3244334366099988 0.826584711790754 0.2977316628316746 0.7725591278395952 0.3630003289978141 0.004249997813469686 0.14310900939674087 0.6105129276910622 0.9527304605850261 0.8673300314015118 0.9681397240708131 0.03740839588728195 0.658256375773901 0.27087975500965733 0.8474613081128539 0.47943713009180167 0.6001636648929338 0.13697412862332747 0.46584120626499337 0.6098002781855204 0.2479985110900229 0.1231756546618773 0.5241371026425666 0.829780405880133 0.3352976513419378 0.5300851451845813 0.671188642774865 0.2771892146817504 0.4705501555217808 0.9185714674715535 0.4972018794105285 0.2454033702818399 0.5289954682168618 0.5194665688017852 0.17568857428401086 0.27760336109134354 0.3874095584488354 0.18928383982701813 0.972710479644977 0.00787056131433761 0.4377630242721594 0.03715862923383417 0.013408509892058884 0.5761797915796467 0.11498649558397223 0.2028217432209236 0.6586169554187931 0.20522185679914984 0.5326385083945377 0.9652198946303481 0.10710771579957379 0.588641315560471 0.1951187176986071 0.872132559606647 0.9286921020416665 0.43540264096498504 0.3476771171923769 0.7500241394046333 0.036537831599032566 0.6793701906308227 0.3368639670080603 0.9758624078504363 0.9896842156650371 0.22478609418356976 0.030831027403925293 0.31616108585425984 0.7311960646432061 0.16398545736286108 0.9548666374715238 0.42503870857779324 0.009016645664668754 0.3529084984283344 0.6285588765273918 0.228658061263998 0.0871181577451734 0.12184871153788535 0.3194311102243188 0.9594681819372148
0.3254568265574409 0.3443425287489206 0.9951623597069335 0.35520671636461465 0.14153225239804734 0.3422029648683802 0.1256675572235838 0.0 0.23952177179597767 0.022991672293224408 0.2895004897047533 0.9572178812463924 0.04548027973896929 0.5953346785617917 0.13762413859657097 0.1570263445621355 0.988571491716058 0.7636079756975349 0.11228499963854788 0.7712856241616978 0.33530646590501256 0.6060563873261349 0.6381425968935116 0.6922810397898715 0.0021013745384291793 0.7986779815070145 0.5147201343888301 0.7264802641095579 0.4361106130785135 0.6008637420781419 0.10215864059578905 0.14670233796286913 0.8020842621796508 0.475221898887335 0.8482121691086347 0.6986037646454518 0.6531533518270066 0.4479055886540786 0.45674143343536866 0.21027346921238455 0.2964635299513557 0.0066238715210446 0.5747296718498346 0.2432682372629188 0.7619317958505475 0.13349686718422837 0.42644137477898736 0.08913675609681715 0.8009652766849625 0.3585921875188902 0.758083395736794 0.2624146284127624 0.48170671845780444 0.8024174965309019 0.40773792043219614 0.3728594094922816 0.537853298759864 0.6921534547569964 0.16162847484604104 0.4499059057212389 0.887455664624258 0.3911571205247679 0.4591916139383935 0.6772254095611501 0.8596697005941327 0.35502246216323197 0.5606422325652324 0.6885263819920059 0.14356415079482343 0.36525104267498465 0.05931824196651303 0.9956810906751605 0.9686423213840688 0.23296500188500713 0.574938372248452 0.5527881573773653 0.13066455201944416 0.76150139013759 0.7298400913778526 0.9099101527602094 0.618249852286782 0.7088558201384321 0.966358582507484 0.514767165588085 0.7936908724141284 0.6632708763079666 0.3506736688765435 0.9068435249548138 0.1371652697567899 0.7028669827551999 0.9539103218536218 0.04874792443448084 0.20528157928640933 0.5798540842949189 0.06559484828841478 0.8273310107208627 0.34153399565218046 0.7440823976633886 0.9716789515640332 0.13738456570290414
0.552014057157169 0.9770550145483129 0.1839269008010156 0.4452983033722694 0.38332481630803106 0.40999408214014077 0.7321425528199668 0.23952177179597767 0.0 0.8862828584418602 0.3258804295332256 0.0415620352244801 0.16169817321029056 0.07163728167436345 0.21152369620462874 0.6020674563124919 0.8718261357533085 0.8812912460574817 0.6004048976998204 0.5412135199548538 0.496616820797412 0.5450943826830099 0.3263983351805144 0.504314369357011 0.15122468384130094 0.982223020507987 0.783998801530896 0.8297812572514129 0.903176858366997 0.9118500904976776 0.5535772116969706 0.8890877390786058 0.960443456509753 0.7967427493540705 0.9526923384785634 0.5742797803399181 0.5977689822638816 0.826174561639581 0.08459189025760427 0.6918790755734461 0.5551372551827002 0.885120397030533 0.4553964092948356 0.678812654732766 0.2452826915652464 0.8422997792622601 0.0193401368682542 0.4282647624575374 0.32794639348007937 0.46814744889841153 0.6680570039621895 0.19005636925216218 0.502983194790204 0.40718693681110396 0.7102712440549644 0.933753203001546 0.8220894228663334 0.041404607460992615 0.0899247599472296 0.9721170123752925 0.9668478438644909 0.049229550302099634 0.09603554649948298 0.19763178036461626 0.40118408490004376 0.8013801678560012 0.8705670461291044 0.44737503530761125 0.2711957565871631 0.5250510037877268 0.9845195013769178 0.8004788059212757 0.7269063171929611 0.6695133221515559 0.7229779353140131 0.7161061170354615 0.4013925548957822 0.4969840449185242 0.20704041011318997 0.0374951271705356 0.4871716106719646 0.3069643217217526 0.6239821407588664 0.2674611719981522 0.7463778297290962 0.20039842834440613 0.34485426794208773 0.5218360608496908 0.0182604663186825 0.6644971536851618 0.7815901438030141 0.26175034892468885 0.9455344309961367 0.07821176267115104 0.9864358444416563 0.49266951972665085 0.4320465308566823 0.5084261606642383 0.6894823576778346 0.1926396849077877
0.3214368849358742 0.9294495074610586 0.6986651883905399 0.1640337314437661 0.9264978746341365 0.10258241204574114 0.7909341745920907 0.022991672293224408 0.8862828584418602 0.0 0.937545369813091 0.1280037511395299 0.8063632200143511 0.237897819407778 0.35249675796261304 0.5692337231381958 0.43014445063368845 0.9813540964971813 0.45328444072278506 0.4418810148884563 0.09475350514595982 0.4751085774512056 0.4772925598484409 0.5781286310689567 0.39801321130496115 0.9083200195218953 0.06436345115944864 0.639918553352048 0.7376252560731503 0.007531958534462202 0.9362102501728887 0.2364017404079085 0.8012125230436252 0.03605695430578004 0.4563337083789748 0.18867029808525915 0.1639241539986641 0.8348731042997697 0.16178294435369367 0.8013256889435355 0.4608790555136425 0.457170470411987 0.842778698508609 0.45270063297612684 0.2993412596459488 0.81262922691595 0.9598015653048411 0.5935796437793848 0.1657843780324516 0.15834966501084158 0.74933546829042 0.5530159404212979 0.5788561626193208 0.44737553921230844 0.47475488810143307 0.6627225697356178 0.9895290788310604 0.7407842918712281 0.1868101067948612 0.9071698301922494 0.5731532750385748 0.34026379807669505 0.8184794779179604 0.8880667749171548 0.2776182320284447 0.2276469254623994 0.7229531160370857 0.6162596799845801 0.9948061149778197 0.7339723066570476 0.9124292982071333 0.7959864248397817 0.3375356543714969 0.6334182643617456 0.15052543119344164 0.2782455014503735 0.08540159737948794 0.8089991798374032 0.786004984918382 0.33245626475094625 0.7448370214563846 0.5376302948353917 0.007741194199464951 0.1394945242859048 0.6916965057676352 0.5172387121675239 0.2383759694619879 0.10226003340423706 0.5820208319140704 0.5761589922417845 0.39743119074064026 0.0077146163401237144 0.30150934835255394 0.5737568657762271 0.825259672955089 0.3344805227841615 0.6460398708341887 0.6452104555332621 0.2826785329528042 0.2270373806198176
0.19770974094889548 0.3002045757989924 0.943130964495944 0.9261029731586335 0.4259189009039147 0.7713362431708812 0.26149561300847746 0.2895004897047533 0.3258804295332256 0.937545369813091 0.0 0.6630160815411668 0.3866846450851833 0.43733369093235097 0.8015040177719182 0.8792829422189811 0.863078323992625 0.7324000989329914 0.40447376256943735 0.7332647454320187 0.1213455438165385 0.32971903154419047 0.7194454591154202 0.42553401442628935 0.6745151918749009 0.08799928432718018 0.35478892429072584 0.273753219185093 0.051352503078629486 0.14800092388889707 0.7441420373358323 0.45644230880979775 0.2971637912830891 0.8220394504885594 0.9554119071554008 0.373044259148986 0.004073878497379724 0.14715848270511378 0.6794982412371653 0.5263457418620383 0.5235110298963048 0.9679742465472713 0.6745344096281823 0.9161090370371615 0.8923450256936593 0.47252189410065193 0.13183678005727795 0.35318585659389967 0.4659557963872616 0.9802040853123092 0.6189794928619726 0.2371204636147265 0.7745806503164662 0.5435266761333986 0.02744954568330993 0.3062858387072269 0.2326534920455351 0.3409123681844144 0.7864953148530123 0.723409208463317 0.19126724132371686 0.5235892695036836 0.8912244080427109 0.3736856861632126 0.8235449646696787 0.9365125477333175 0.08375786354467507 0.24042422592590607 0.41690565062732 0.8241277932074896 0.45308236978545047 0.6727576721084463 0.6194244614557961 0.40504040754870285 0.28380779692196667 0.8142689326989944 0.28764701240490653 0.6865743980017641 0.4206955072195996 0.09462063076872806 0.24830738584374168 0.31258194723394994 0.5334647101266397 0.8165581773058191 0.32308031427210115 0.6925002072548934 0.9362305868914985 0.20268869932955103 0.6013378951180011 0.7692639945906009 0.444680575247721 0.14794156761265653 0.907527905877413 0.02870017248261314 0.43944565938973945 0.6823844969047125 0.10815063508164702 0.4280045586487805 0.359355541824977 0.9210956127929533
0.2042501466222496 0.46566881968495 0.9792233787018925 0.3812002384944968 0.49075028890566186 0.4662136945479909 0.9568065907026824 0.9572178812463924 0.0415620352244801 0.1280037511395299 0.6630160815411668 0.0 0.14201674494194505 0.7500258418409695 0.7006160339706319 0.9853330971911318 0.49840083372209476 0.3815513893404121 0.6973875196997857 0.7697217343081869 0.04869550164106007 0.1885568685842388 0.14544812926595396 0.1889115783890919 0.5977822074093798 0.6168009062393712 0.6870129656087006 0.7040371263505644 0.5193141654270992 0.7956404163660858 0.5566046592903731 0.4563085210158029 0.6966782437707079 0.9471163761583467 0.10784607397607648 0.2585048516964462 0.8449877910944397 0.8643138380663045 0.32044658405255977 0.19775783432455607 0.3060346093062205 0.7893005678350065 0.5434769616107666 0.9874901297780396 0.3617554061706856 0.8285494792233934 0.030499453322683445 0.29817942653072027 0.07861223986622623 0.9240400254824923 0.21345301314657772 0.7549003047409866 0.3955991765071384 0.3715908474348736 0.11218194723199171 0.595985240479112 0.773505284332547 0.5774868869246212 0.2135901304902339 0.29132525714068347 0.9482412434142434 0.39601160160035 0.19259271367651598 0.14522376045792462 0.4791560722580376 0.1993796190214039 0.8133866173886628 0.2021480781850582 0.9771616599037419 0.9272760842988469 0.05389050030345499 0.47389061660984755 0.34638382681111046 0.313117644429765 0.12494132936255131 0.4159480535033133 0.21571789016072396 0.09630173306517231 0.6006261565638733 0.7802170029308703 0.7929113355620827 0.7877165569855943 0.4258515884559615 0.10201328717294367 0.7249577255623776 0.3750043868648717 0.7510179006276836 0.6275176192870622 0.4626713646776929 0.8920963779687888 0.3833558350431715 0.3637332053350455 0.31883967018315806 0.8612264944428485 0.5562724408904504 0.10500352490499665 0.9779903701159584 0.9398514733722662 0.6084147740432587 0.42379012188388165
0.1412978613422643 0.5101370727418074 0.4916690004597476 0.40834860784786375 0.25774170132440655 0.2970252141287194 0.9851131388712007 0.04548027973896929 0.16169817321029056 0.8063632200143511 0.3866846450851833 0.14201674494194505 0.0 0.1931356372178148 0.41372991176760066 0.0448545640319874 0.008695491807510836 0.40493819605155734 0.5492012022275871 0.568986448029941 0.7460268323946588 0.15283346801125253 0.8643618338437047 0.24644371117128838 0.24319163154597712 0.1708404398298372 0.190491067349427 0.10390597377912825 0.5180978561352652 0.7069809406029698 0.2739260906579859 0.062154413927101415 0.443227688675529 0.7667757664009095 0.5839317768905391 0.6770549726363424 0.6970941610296016 0.12414522071214906 0.988242319320662 0.07997175823162728 0.6111676604072822 0.5096518019968254 0.9900355391848865 0.2478971529246271 0.9053789275292008 0.9991377375412435 0.6888065871715681 0.8251414384865929 0.8975546238516622 0.40316967089980793 0.22701496473082383 0.6998782182475624 0.8153609763399566 0.20865402887299522 0.6150756002664688 0.24134534372674732 0.47592272185643036 0.5814473332568827 0.8191692123691656 0.11557587849356399 0.6874501536685098 0.6016925782413426 0.4355836035565568 0.05568510452176467 0.6208973095145279 0.18944765001222352 0.1231012392682278 0.8331958784204299 0.11857644524201216 0.10029552357750593 0.48236669164763135 0.3959833412691016 0.08284610387548363 0.27438730659505195 0.5587368964559796 0.09503745633115002 0.281663065672518 0.10353101358765915 0.49107692157766913 0.648515064371655 0.8609879092252805 0.44183481761518983 0.5739562198246003 0.5849391287986951 0.8373934122567475 0.32771554283074233 0.7435490599973866 0.08023438400696059 0.272860959680701 0.9686660260820388 0.18213546117908463 0.3161482541917341 0.15302568621474977 0.024574791542522845 0.14488127457750333 0.9601518873259223 0.7973223146713151 0.8036001192838229 0.12351971021560415 0.052872013668446405
0.38263423253264506 0.6908781732583218 0.651739631459555 0.6585962490597209 0.5621065756901958 0.2480920920752968 0.4280288242767878 0.5953346785617917 0.07163728167436345 0.237897819407778 0.43733369093235097 0.7500258418409695 0.1931356372178148 0.0 0.2123364825481855 0.13260660546096137 0.19792316386488062 0.6314464426729804 0.4648860834650761 0.6767895772618402 0.8267246775334567 0.5354681398346259 0.1682740699780486 0.573074996676337 0.5276052440173312 0.11923984075457672 0.48468714892025033 0.1701548914533374 0.39716595018276113 0.8160038404581201 0.3512625394205059 0.3787284742913536 0.7079389925239202 0.352999333007196 0.4143547850528245 0.5540800922411779 0.4794024024823308 0.11353075671801682 0.5771061949188527 0.7827194731876199 0.01151315716927559 0.05076722080741858 0.36440651527177426 0.7750806769395437 0.09636963384724817 0.665093242196655 0.019976901212180098 0.5897023818759664 0.04813749616870122 0.7818717073796173 0.9995465109282026 0.5452936460030029 0.3309317860201053 0.8159654728348378 0.1569194256257176 0.4718941888148396 0.9976492968414933 0.5107455851724307 0.7037098545876252 0.9849635221343803 0.4641802446780545 0.6100426718807981 0.5086489483008872 0.9298654827145602 0.039279197911678554 0.2279754037933054 0.5626843936957436 0.21259507302499303 0.0339057909321131 0.8050024257845534 0.845329800777912 0.05896129485778556 0.44181293677956723 0.73339899529287 0.40088977264294634 0.2610855048166536 0.8702306754766519 0.6148795372259381 0.8533927796227122 0.7284807746635965 0.16341688410845978 0.029083670461571565 0.33607394411914304 0.6440335267718384 0.41383846545393277 0.48984503552825887 0.7657295635181203 0.9075049548373118 0.7647650436620058 0.9920832192971865 0.9453145613775831 0.48113441972835347 0.30135401742648327 0.20193062109888693 0.16747895477192176 0.4336524028940292 0.4340748781400209 0.33254962321311743 0.04701550328723203 0.8511175502849724
0.5995881808560624 0.7729229989731652 0.04639637203464697 0.6808355374918005 0.6661133188519084 0.145685351577591 0.10789106076216448 0.13762413859657097 0.21152369620462874 0.35249675796261304 0.8015040177719182 0.7006160339706319 0.41372991176760066 0.2123364825481855 0.0 0.5623258339217172 0.8696799218591288 0.30104645660557217 0.7577516554179362 0.7886531213006113 0.1642956940178748 0.9320712319707655 0.37406555065466507 0.9590255650586784 0.7887026812846603 0.5008760281571621 0.9822232573596817 0.36591791109654037 0.5936647138763527 0.5475747259296957 0.42212660435773 0.5456259563482937 0.07356016242461061 0.09599892691084821 0.7751222924422577 0.12163117453509509 0.9221524459432664 0.1107990482234067 0.6108479555291084 0.9039205558133877 0.02791256498056327 0.7109962789431378 0.7966619764773103 0.5851805812747541 0.9745470181182194 0.8304182260733053 0.6050252397748743 0.15579033848023438 0.8745028321111706 0.2941496254620408 0.8348483265692154 0.6653882236216826 0.01231818433943499 0.19896051716349872 0.6803685388040499 0.008699584362693136 0.17983669489897913 0.6456619240786001 0.3201605419584139 0.7826805907856642 0.2734030965137402 0.9108475332076416 0.6641253635563831 0.21827518815019842 0.6676252293118026 0.45323220658007657 0.47334750934189107 0.408729681671559 0.48807191826282526 0.630327284578793 0.17148947010910287 0.7461783009393931 0.3266832454491636 0.368231394644292 0.8981224468865397 0.8456476459326678 0.5008565656833994 0.10310645810864383 0.043115994381696 0.2957327391842398 0.07062569024008603 0.360088890346674 0.7006134708948152 0.7360893640467908 0.7866647268265352 0.852748370029235 0.7089987101854165 0.2183575455160789 0.2984848496811905 0.8090372569989337 0.5985772956855929 0.46320569662857836 0.14047763996501184 0.9684035816818651 0.641279976145815 0.42489177541735423 0.24492472696501488 0.7679286865935371 0.36935960320690076 0.4071743808987468
0.5494768874983027 0.556087499062256 0.24643776391831673 0.3220953797021002 0.534213579820613 0.7844990330344267 0.47415154845934493 0.1570263445621355 0.6020674563124919 0.5692337231381958 0.8792829422189811 0.9853330971911318 0.0448545640319874 0.13260660546096137 0.5623258339217172 0.0 0.3457480582385083 0.3175675899067778 0.8705361523930719 0.41443310621285734 0.4846986976673806 0.08677145155834642 0.17373551468668724 0.014247103853536225 0.23093448819496076 0.018970715758651946 0.2521945865976455 0.8519890054810136 0.30760002940012565 0.45088808239729505 0.20899948880562313 0.6446335560248804 0.11287181507221522 0.8676699598656925 0.3589219233966294 0.3568655883963511 0.34540976817117564 0.1112092977156206 0.45047566541475126 0.2939167381467047 0.3566076193047346 0.004416361060702756 0.40817623180363394 0.8703380843687566 0.5173291988201633 0.5063344062944893 0.5524082935423748 0.38327641268113943 0.8119569469936366 0.45771524583487744 0.35262339358078354 0.06782690263819158 0.6509992121839676 0.200492948557922 0.6546308200009913 0.012115685292892087 0.6852437597467135 0.9920702415356002 0.5092847577582517 0.4860061721839014 0.09667209991808146 0.07113780694085758 0.032693475473174916 0.13679160634468523 0.3429214504200475 0.6596472481482469 0.7497725948496503 0.7844869220398522 0.24847415902846104 0.7956981257325412 0.9782019356685905 0.6420913045625406 0.4174462792732698 0.4357801341940263 0.6398584058875424 0.5938501188673534 0.4666866606298584 0.057707320635263404 0.958043894704224 0.36975779402563613 0.11724365255357061 0.25138217320474276 0.7419934720158438 0.5636502238582431 0.9876042278929146 0.11514659772780511 0.7553954993247616 0.46780230915216714 0.9123005258753234 0.8309854114256374 0.8323460024994228 0.4028896510525677 0.8169795788878902 0.8076904008787977 0.6539162847058303 0.6109619842783073 0.7341400588115035 0.3069623000729056 0.4112867978205913 0.9615496160516818
0.0993871348828187 0.3931658304948087 0.5551532720094926 0.0797133875364735 0.43702223160809917 0.8341781153410592 0.2256279103285307 0.988571491716058 0.8718261357533085 0.43014445063368845 0.863078323992625 0.49840083372209476 0.008695491807510836 0.19792316386488062 0.8696799218591288 0.3457480582385083 0.0 0.10784240600663086 0.9367413865057749 0.9832538288450641 0.630310050910397 0.16254544127555237 0.37235869229136287 0.9502688983669113 0.7451164800636472 0.24874298580791188 0.7750858465616026 0.737348117745639 0.7940594377474387 0.9371067932018582 0.6123618690640089 0.34032594346116063 0.7671886952970166 0.31819024130469487 0.6652489522960149 0.6220514934460095 0.9213784950092243 0.35020033895128455 0.9501278132665527 0.24518279554387212 0.2338331215744267 0.4824785112764769 0.8039987156848548 0.9956690804475692 0.46890191816482574 0.37682749670167004 0.4310277894901693 0.8273755670308838 0.4908588069834837 0.2992069084579114 0.5594460954434171 0.5027560571259163 0.3669092921799899 0.4135916482910289 0.9838956745829254 0.517225772022746 0.9845415888455572 0.5670373812416858 0.1372972404049566 0.3723456089989856 0.3965782550332132 0.07373538521282563 0.03562430100648184 0.7349070523576455 0.5171103415841001 0.33818595775467686 0.6224499240035137 0.32699274668388667 0.17412855824396112 0.15445907614388454 0.6108994561469308 0.7628184578524813 0.8855628099377539 0.8049823805969772 0.5751672406421799 0.31550161714413216 0.9457837430146427 0.3441534493484456 0.8918569530726481 0.1115548681948535 0.4693374025932424 0.8560992640836931 0.6049066172597812 0.221802459365241 0.7762680590500436 0.868155247412493 0.7785308837808458 0.5937166962599679 0.7942432233497498 0.31161367179578103 0.4440909809739013 0.44769676302207295 0.08253873016797586 0.834801291815681 0.3249374421473332 0.7645349803602867 0.6065485045656517 0.38697621456755615 0.84038663729879 0.4021976802877746
0.5590118099484565 0.6665828035988913 0.06270024600032609 0.08575094479752055 0.44017669332702203 0.7102180806797698 0.4651059537008304 0.7636079756975349 0.8812912460574817 0.9813540964971813 0.7324000989329914 0.3815513893404121 0.40493819605155734 0.6314464426729804 0.30104645660557217 0.3175675899067778 0.10784240600663086 0.0 0.663664775885596 0.30112397392301116 0.06631932476991942 0.6153610548919604 0.17372283040491554 0.42546196179984075 0.12962378646908446 0.3500877594156381 0.6138327998510259 0.48181673995241436 0.14802194542343905 0.552118200275674 0.017854475809049197 0.3535464987136392 0.08704778740793562 0.004066859100039011 0.23909385242540626 0.7928749272469472 0.2611824440058489 0.3652486115551379 0.7683359938254973 0.02338917565768661 0.59586418919932 0.6530335162552011 0.6101776524353073 0.3244172507580385 0.45951119334792745 0.7888062776878435 0.819525058998647 0.544064576330791 0.2820852032214183 0.9295117403427575 0.22784876103684748 0.04950290068587282 0.6835928284630393 0.43510533698375264 0.6662950470318094 0.8620661673186477 0.9463598519732558 0.18456027137162512 0.9884352959452202 0.2920644202329439 0.013721716166092968 0.960410289013743 0.8183560348575796 0.37802199882927556 0.31715186949372887 0.5378588200512745 0.24421435171209838 0.7441905563703737 0.3481846251156169 0.1871699461344979 0.7990307675844424 0.8199767402942724 0.9460167985396097 0.121160484834833 0.7473899666330593 0.9101453721405544 0.5993219358751518 0.2696764546424718 0.9212674263204157 0.07244217565034294 0.8211432593566625 0.37274681629039985 0.32217614256274285 0.09100649189651577 0.7821331142913308 0.5731312257271574 0.01741851898515412 0.9568682573520703 0.5675693023713025 0.9859993155662747 0.7986789192371848 0.8633703033811022 0.6797492170789551 0.6886615508808923 0.8355054002379766 0.43726801703471174 0.43561376057935997 0.9387988268392536 0.41801699908711365 0.9237484674316452
0.2005824666408399 0.6210930432990514 0.9751433887271522 0.9554518355264523 0.8172716029390841 0.8732787594933021 0.47001412026861644 0.11228499963854788 0.6004048976998204 0.45328444072278506 0.40447376256943735 0.6973875196997857 0.5492012022275871 0.4648860834650761 0.7577516554179362 0.8705361523930719 0.9367413865057749 0.663664775885596 0.0 0.974494387112109 0.02801127605905629 0.5570086590288886 0.15078689957551017 0.12011725591905476 0.5474777675554084 0.5817710617084348 0.011240371391964543 0.8308312084232607 0.5626253932619957 0.7807098410311261 0.5373181425559814 0.6230405661828583 0.17257085363499158 0.5147043367325771 0.1291920146791663 0.9265183267642841 0.2927423511942906 0.4672403504786289 0.17276186195733145 0.9163692493826768 0.6398140865770335 0.8440390472299093 0.8211467616656952 0.4806559424376613 0.03354412121502526 0.16665925774212043 0.7740054981528453 0.14719162637655214 0.004685953975132051 0.7759507334316815 0.9690327996244131 0.12168746529671337 0.764346451775277 0.33116948957629255 0.7602745587969207 0.7787509488557688 0.9912369989210105 0.20690882771297936 0.5866710093369867 0.08967663647646473 0.666482005895245 0.9103077753182147 0.9224162269077203 0.5789927237312814 0.35810346017154726 0.6051924630479314 0.6539544548931917 0.9803169911729308 0.5083029575012923 0.5259753552008485 0.6276021826964183 0.3326297759650596 0.45986252363260083 0.4155458724156469 0.801473824932654 0.6201270399283132 0.22048173365265078 0.9995183840147269 0.523443063217328 0.018251549230599573 0.9072276472048968 0.4016728632922947 0.6417755947022229 0.10907186729998097 0.5810276953705517 0.2790084262974464 0.38416464298175135 0.49493619180405346 0.82512147120399 0.6762372727556962 0.05002386962206751 0.18768087880400797 0.09347012555794043 0.5376882702122092 0.03555136654987756 0.9186855722297911 0.41546118341854876 0.9672517266436442 0.6135244993938983 0.5786599602645999
0.5680938225302574 0.5407589136502741 0.633114747925077 0.16468814772161466 0.3524958955804628 0.5353085803980605 0.43113476462853917 0.7712856241616978 0.5412135199548538 0.4418810148884563 0.7332647454320187 0.7697217343081869 0.568986448029941 0.6767895772618402 0.7886531213006113 0.41443310621285734 0.9832538288450641 0.30112397392301116 0.974494387112109 0.0 0.6495584167458711 0.20287470378116945 0.1124937555859763 0.5082170665874267 0.9075060388253119 0.5303271089263275 0.5723234235652739 0.9851247564839996 0.36321721605468615 0.4110320712973935 0.7170206797431796 0.33607365559420976 0.175205943866101 0.48164509510054876 0.9568396109156625 0.5985786865940212 0.17661667392981617 0.030196597208496878 0.5182699571780799 0.36515095190568525 0.4111740058054524 0.42100364403564194 0.9633941931356756 0.13037931924508261 0.3398911314864339 0.8519655694773512 0.01949157923881617 0.7967743997399094 0.06327985027930161 0.9473634313751407 0.7422398207292795 0.40833782062135426 0.27842065412408856 0.371647650831631 0.3992513177535262 0.3136182246746535 0.06421866159036405 0.6528018592655883 0.8839248784075231 0.08611848526636723 0.8393830799018769 0.30668426530190607 0.25822627149241273 0.6518180033951599 0.6500779329595732 0.6478925524468166 0.9281992546328418 0.43334901716610696 0.3556525850915798 0.709460190749601 0.5621817959825216 0.5742154863383465 0.969736673447007 0.886374624840717 0.229953825929059 0.5089738128995754 0.20197019495149315 0.534411985611703 0.42328438698474546 0.20462616477231488 0.5710850653448917 0.3617779755370042 0.3837473730453992 0.60579705781639 0.20259268641260042 0.748305927800121 0.4190330524431771 0.06576685846408514 0.09892763456938614 0.3891746970855695 0.5146796715857593 0.9754464602212135 0.28588153188964094 0.3108056385893673 0.09482942672089167 0.29275925232942557 0.4866960404723055 0.8333418545358129 0.7382400218977859 0.5740498363666421
