0.0 0.1360915373461693 0.25802769794127445 0.2123653964251726 0.6537102937046557 0.8681625878052616 0.8944925459574427 0.09624615078263532 0.877885982199796 0.6163259191824236 0.7327672007719773 0.6651279678628202 0.8349581488662782 0.5508901894563446 0.8601162723429897 0.6846010686076801 0.01216913020283561 0.43517537463515354 0.5575291754762917 0.5698187057259579 0.8275654800630772 0.6120575609866113 0.9920689124086087 0.8908463452572046 0.18500162149823174 0.47997219681754066 0.2750869111371351 0.2529325710507584 0.9913354370465994 0.9869342778095344 0.5206474511405043 0.5333379887764119 0.7770003359545004 0.24762031572668763 0.1906002145645792 0.8643694708606171 0.6898872353313693 0.3815588979350991 0.05329007621098636 0.37090307801801026 0.27008882290820635 0.21813578032519954 0.5433525620904933 0.4528341387204201 0.18099683826379032 0.3335342577499282 0.31797750876341513 0.34758390834384956 0.25202428994870374 0.041546957214416036 0.28557662590691324 0.9852915677534765 0.3544617189009127 0.6534730075006546 0.798948135770532 0.8086063758851652 0.19034560977281523 0.7168348685712768 0.1380109135683627 0.7411779338409767 0.5923111940123816 0.7633394723055176 0.5843393829174813 0.7395637792339499 0.48892003993502775 0.006291634629624898 0.4399057059042789 0.5272029704013 0.945574286246908 0.1537499996076177 0.34630052009291157 0.2784044798195744 0.05187675844962436 0.09550896148514987 0.175536911331041 0.65411514553903 0.5185992217197671 0.3049861572771372 0.25453720186447093 0.7045646584034222 0.9060836306836737 0.301952584067824 0.975913031413598 0.5431107782427262 0.16342470006543752 0.12238823638393648 0.6917460976424393 0.9812624257687763 0.613150838127375 0.46991801869828964 0.11939465901121815 0.9225357895663462 0.04636128081450519 0.09021663359013332 0.9095395620963999 0.4326228249417814 0.42415463678448173 0.2615705010771716 0.8264694188612578 0.5135929280646216
0.1360915373461693 0.0 0.3540960072089684 0.22835972197058207 0.07713139176035311 0.10413464346468826 0.6568321473984224 0.035198821980311656 0.31041565865715803 0.9213553847345146 0.8139088285997654 0.7639972724233335 0.23298358197129365 0.5892408847597524 0.21017388708810247 0.7544689042069986 0.3174030013825857 0.3795072858374998 0.8378928793697439 0.028230402189637793 0.6075246701307959 0.14138535263913965 0.7592308617670392 0.4102024110245478 0.5776675105618293 0.28171298829496116 0.47190739734701936 0.642758776131072 0.5365324114690779 0.14734028983016345 0.584015239223793 0.5177896476826442 0.9926924535158526 0.9352539867163265 0.19459021050014824 0.41829759802216526 0.28476711147640776 0.9835817968021133 0.6717540529596945 0.8897252519590868 0.6177923686479148 0.29131480343250926 0.2119332348086086 0.24151121103867323 0.40173625218813613 0.43655526428856073 0.06169310213808099 0.10117444746982274 0.45809533869795627 0.005550000884811279 0.9166706195425994 0.9732815513643225 0.6769771604042113 0.8081201820762128 0.8863880555691064 0.8034523414768496 0.6524892218098496 0.7936577720882197 0.018277073994089843 0.5362035637216948 0.6270997727262975 0.9889839248581751 0.9845142383762808 0.8484629104679553 0.5715781858698407 0.7629713806324907 0.7504828667396074 0.2324225581003767 0.351890302723209 0.7012138122070873 0.6809800162347315 0.08714734203834018 0.5639731318561781 0.8575155378732923 0.35903494089660903 0.24371465520267777 0.9080770812913586 0.8797276236209942 0.5050624560811838 0.5417250601497922 0.1308373160864551 0.06149869873561642 0.16079400928478849 0.9537893411096355 0.8034515082803182 0.6297080450484127 0.3269839193846271 0.15310627533913357 0.5904009428346143 0.8535005210239135 0.23328345520815552 0.4639638568017367 0.6856650377539342 0.5818589100996723 0.3432529254727148 0.9972021466116555 0.14337778973329718 0.63961576674102 0.4578723881121397 0.2406679308712788
0.25802769794127445 0.3540960072089684 0.0 0.529531198193411 0.6490220442835661 0.8939579395578301 0.8968493957919442 0.51512395253267 0.8916416350212121 0.193828890861522 0.25432136288752627 0.017411206632997223 0.9888019644149234 0.014414641543885609 0.6084734708152401 0.4655249090245803 0.7048643750698804 0.034192007640144406 0.7564423236641508 0.2849039259049634 0.297779387807954 0.8977121446634678 0.14102892801946765 0.2620252473142036 0.7089163658922427 0.5138294468654667 0.17609967710798247 0.26254171413695016 0.17879881909883666 0.633889257016607 0.6977074207152227 0.5070607339653398 0.684221024117007 0.27226373929297665 0.09100331137544049 0.06711741251747005 0.984297745707097 0.7525588513911733 0.539856995216913 0.9730548625395523 0.03463369907241898 0.8555173457946741 0.5142194172007625 0.7037571547267182 0.2861121811906173 0.8064959368914104 0.9671459387027302 0.43121127527058034 0.8765043488227068 0.12499495713603825 0.5548154328554143 0.48365507937069363 0.16326882172081192 0.11047305314983347 0.8148726805218711 0.6359288828327117 0.5365306169348528 0.4370055869685219 0.1702615497222082 0.977980784491835 0.6722891525312676 0.09849730418711666 0.8633535781792785 0.04922025698360344 0.8054380616878583 0.06358646823627212 0.6315862228659833 0.38340461751219423 0.42705502058289835 0.054709931104775844 0.6525138828268805 0.7465817235564777 0.3159530188522397 0.8043875575898205 0.020550436666912475 0.36461913306474436 0.8593124949694696 0.6707112307770202 0.904498315247631 0.3324107559404921 0.20428904201975173 0.9956562782252384 0.6913054718748819 0.24339442242575438 0.9678093612531283 0.981789109072161 0.35368380721295245 0.29652999460669294 0.12225566176808922 0.49175571665302875 0.17448811076504556 0.9637478533738653 0.8124162323279964 0.9883709684583318 0.7483211733741976 0.013507130350661423 0.7922671276234813 0.7076177188040066 0.2739997300397301 0.6735590316610309
0.2123653964251726 0.22835972197058207 0.529531198193411 0.0 0.9613536008268841 0.3765352409397409 0.1810545637844838 0.1085011766198698 0.48457562521407094 0.562611158248528 0.734897877204614 0.19344971545012457 0.8613438136364527 0.4615622312876012 0.4317334462558191 0.8913098750660474 0.17097500459661463 0.5805994066253285 0.37696236431459507 0.6660231233903722 0.4578147071240526 0.6810250528513393 0.03802308142468258 0.10523366470176299 0.9372303305809007 0.6642746348030947 0.9253373950648286 0.7705504707623887 0.7306330400903939 0.04531979115426854 0.5387898296419712 0.11009639420813877 0.7309751736932429 0.40721704112519885 0.9812680499352433 0.9146437379891289 0.017374175905658706 0.43613692889989364 0.7405287790656194 0.7708866427559706 0.3868504122270583 0.5492386313120918 0.250159637753525 0.4556958525088637 0.6996724190967925 0.15665517882792201 0.37288345550448077 0.855525199511466 0.3447118001363456 0.9362735432641763 0.33055722772374185 0.33750016145524164 0.1876688192915592 0.12192319332119839 0.09830195364803274 0.09136991256006932 0.4164811341836957 0.7950542036021262 0.10821913591030452 0.8296108792153468 0.6089062566461123 0.7199220384591686 0.7472095582063856 0.9765482032060563 0.3504414749368011 0.5259189957867653 0.7475502945062156 0.06127249693770531 0.21243247507184737 0.5959954976602129 0.05132203469839203 0.6162417238961828 0.4846992678659333 0.3794420621761668 0.9665786483641851 0.5132461538662286 0.9891160404812703 0.09553338543618917 0.07333648337847454 0.6396709547884861 0.5698046133182789 0.7613460591129921 0.3254566130786858 0.4592696249390371 0.8448920752144661 0.056204144220225016 0.4801081297909826 0.36125230501511685 0.6746434630079374 0.5234036296623 0.9621098658326647 0.9455553885466701 0.12561307675688282 0.6596709351017036 0.4343984370020946 0.8296889695790441 0.8506628447607407 0.7535541575773267 0.4788906855986059 0.6396745319080563
0.6537102937046557 0.07713139176035311 0.6490220442835661 0.9613536008268841 0.0 0.3710027135597599 0.28643429881699434 0.2652690337429965 0.5952461438679042 0.6851469679991193 0.1498122892333329 0.17452302395757624 0.7183374032026755 0.517418461789812 0.4724675889808674 0.8279955800825833 0.9162030296873682 0.5786647760293772 0.19933693375117356 0.47406566277185447 0.546013222319664 0.02307462236389568 0.5202509210616167 0.3487100956906154 0.9031667509390969 0.513632008921373 0.972702767603413 0.7816344845367594 0.08601193654358397 0.8400730209821086 0.7613903226076276 0.23839770034899488 0.9856277837220536 0.9753832185124138 0.6496912420170542 0.5457668937398272 0.37406164155751653 0.13422903966819366 0.2797572669788507 0.6001284634411493 0.9293624322909769 0.744623741306832 0.23522571007783089 0.41041354707423217 0.5386198509348451 0.7719722301543789 0.14882389785766303 0.6054017195240361 0.7074140817208462 0.7717302952000805 0.10161919122690444 0.21939285427224453 0.6277005041061565 0.5234030242308091 0.2751007069361825 0.5001800853278701 0.29773470399897295 0.13553154064606943 0.38860907645971565 0.3600827925747049 0.6452719472971942 0.5801524333734946 0.31824057874438005 0.3182734263194542 0.9303523543050183 0.4497231596736534 0.7159898873961882 0.8201746384814442 0.6219827926450578 0.28248562347633965 0.6062247237406523 0.6173281214930847 0.5739999283695235 0.5088229104390463 0.5925345073486424 0.8760944329167429 0.0033771215662683485 0.11633055089088906 0.2671044025035031 0.5598187872377067 0.1463279594473853 0.4566732309340735 0.5184897046048708 0.40429072697114166 0.5979131199850297 0.46423106025482286 0.9762732910437752 0.33617613398436297 0.4445307411531513 0.0009707091077789665 0.6330481252262143 0.866341565166885 0.8395968916309265 0.8522818697588374 0.37639375795162944 0.8521838294908404 0.5942510045709409 0.7705978988181398 0.5914309731044053 0.8149948154817593
0.8681625878052616 0.10413464346468826 0.8939579395578301 0.3765352409397409 0.3710027135597599 0.0 0.7991735393144133 0.6525826376070892 0.26656293822100097 0.7655446285735167 0.20901045555239184 0.8900026653763786 0.5520671642805512 0.5754842036279189 0.7510576385834572 0.7293781771081723 0.8511456209872557 0.13152317757830334 0.8387096664670136 0.14082582416172196 0.7489362998571659 0.6519314542153659 0.6449572860195452 0.021243637851465547 0.21244366070976295 0.8740494707324622 0.20868750542490122 0.7596935670607368 0.1977845896558439 0.09331532136032905 0.7663405664679511 0.7179178386599055 0.6804607804040058 0.7486455418262039 0.6960480631861091 0.9756301365692107 0.44299141689302735 0.270348182276935 0.3522531190334238 0.7762345883082241 0.6288751535655006 0.9163611461364928 0.8807385851953137 0.00044633228658963464 0.2608914181094383 0.20778794393291888 0.600969508144959 0.34359788066756036 0.06615244858830405 0.8760957811135216 0.5842182317134047 0.6127530209436604 0.32661035576510966 0.13957126333406145 0.7543640954230469 0.2714160744753632 0.31627128082726685 0.9004471436429391 0.43557359089440373 0.19204536883696033 0.9061246661208145 0.29241060401638175 0.8029463567529344 0.20408814695885602 0.48798916333811326 0.8097667979145534 0.10569718296469 0.032527973226454954 0.22630759665605849 0.7943050771349376 0.5708879224731886 0.8884824162055588 0.4880951223423997 0.9612094392484015 0.25703782436578004 0.1155745253017082 0.24105513257569822 0.8099617991084523 0.002253761564547818 0.8170852825756927 0.34285834849260377 0.6409021670752849 0.1376957483405158 0.8484670729828107 0.4803818504582267 0.5449837150089767 0.8083609001397584 0.0018239726205144802 0.818849868321256 0.6884691076016956 0.8561147881161739 0.3546590825786492 0.012932599826426472 0.7961552169700546 0.45662948304341666 0.4324874048434606 0.7406056558939001 0.4755937226807708 0.2242563265648786 0.9034665682838298
0.8944925459574427 0.6568321473984224 0.8968493957919442 0.1810545637844838 0.28643429881699434 0.7991735393144133 0.0 0.3253483867130411 0.6672136979262099 0.9259212241765625 0.40576388341498326 0.15839411162897865 0.8522483889571206 0.44549718876677824 0.44044694472063706 0.6223882845588745 0.08838804069609685 0.6243594733745117 0.40288473427030036 0.0072732890974969155 0.9715475670156319 0.4730625471065092 0.34979855319419295 0.32284575560798845 0.5625916730983844 0.8300979341135526 0.07715620787010957 0.8354235619898751 0.025849426293338418 0.8783201165594299 0.31808077187650796 0.9165585362044134 0.24183091622372288 0.16836517006262164 0.014603739439469687 0.09300079380572768 0.7746607448844627 0.12589284933447709 0.47558273073821067 0.16414219658435136 0.961525829741493 0.8187303228543545 0.27027610207979436 0.9875363321515297 0.6778333895281627 0.39988333476491844 0.5820141354156103 0.6892880102692044 0.2830230862435221 0.7980258656155489 0.9684368594985698 0.2355544377350267 0.5022167607865711 0.3982229267372672 0.6938876548276266 0.6658632866542955 0.6177274396548287 0.8659104077936339 0.1210030710048825 0.6100532062559695 0.48749539612049053 0.6743144010306187 0.09378879536104512 0.5132460132581012 0.9886420118672605 0.42541849246909713 0.2889465226796446 0.21291034414722176 0.8774094570055568 0.6833399207723166 0.3662290572585718 0.4919504294772915 0.47118820340055745 0.9527320399043286 0.05865431898007878 0.3475448274514624 0.2765073235097255 0.4817258770947167 0.8008343839914113 0.13223218448329177 0.2849527479089675 0.26977558911564414 0.9898915878377718 0.23030683793086681 0.37455602010079236 0.45461532054278075 0.8493548920235392 0.3276505495534141 0.42317605703767835 0.005103611662237384 0.7820587172354563 0.523682330396742 0.08593992841186782 0.30036718481650615 0.4396575716214052 0.8363190301457054 0.7428387424309862 0.016159716101766475 0.3916884357118273 0.09994714539331251
0.09624615078263532 0.035198821980311656 0.51512395253267 0.1085011766198698 0.2652690337429965 0.6525826376070892 0.3253483867130411 0.0 0.38820852506033166 0.6543387556966871 0.9807281235788596 0.7272649214930071 0.07327909914065844 0.8983136457085981 0.8213422637848866 0.5601811463675953 0.5151831067668233 0.003143310472568994 0.12425610160677547 0.8341307977672435 0.13144247177943758 0.037482975318249956 0.9083601893271217 0.7387789899827186 0.8753314250658348 0.39428036081767903 0.890200630690378 0.7144724055368824 0.7681188493413743 0.7089833805638242 0.7255438671856625 0.3734849064900071 0.7111364213916054 0.16377135604392534 0.6421741187064914 0.15890316903953916 0.908222274652678 0.9225596502657393 0.8681298571327967 0.9576232543956112 0.6319045242407914 0.6580472740957751 0.8349398157388758 0.912528923585349 0.8798550334098996 0.6330039797468443 0.3192270888363685 0.7594577161101275 0.5312079867871485 0.13499054915025366 0.5612901185343588 0.20323885326280566 0.16040722036029598 0.2451509625817223 0.9013884758401369 0.4125202067283067 0.008754754444880053 0.9282498341881594 0.8020144428559465 0.0515757038382777 0.4658905050576029 0.3107246942728711 0.9270547896924313 0.7280336453979046 0.15479152475491054 0.7172561344656535 0.3507708954818176 0.6924265176799042 0.39457420573183033 0.15801635006177173 0.2686503184353478 0.49612526128493684 0.3678958843742436 0.8636181670882993 0.867389992598119 0.9099709238262443 0.12707552451454684 0.4336933783615896 0.8512706012681388 0.6946958114164868 0.03211412744833242 0.257362574198583 0.38323643316269973 0.07971196357788879 0.7636932609012104 0.6513232063211111 0.7931827421266864 0.5940427891915867 0.035116865869727176 0.8478989719241822 0.6290000267715159 0.9808935714452517 0.8933930849586088 0.5236741963908333 0.8023940710537493 0.41185813275652083 0.7454117135679462 0.2599220837876436 0.1303193466359982 0.3750625434344713
0.877885982199796 0.31041565865715803 0.8916416350212121 0.48457562521407094 0.5952461438679042 0.26656293822100097 0.6672136979262099 0.38820852506033166 0.0 0.26023825821347735 0.3994297267402025 0.15541232365770974 0.0878585959026239 0.2832430873890711 0.8942255217780796 0.4501727264962948 0.5155867304721187 0.026291593784724454 0.9501440836793433 0.8473144641468882 0.4006472459173692 0.06689614342497552 0.8066291253803347 0.6006653786604244 0.036596608969236666 0.34842275661718647 0.4391858006045837 0.38824334685182793 0.5962049627914197 0.08220901452653773 0.9548948601059325 0.3318499257142551 0.8436374279894499 0.4456095873975452 0.9566038768729594 0.6688303520880868 0.964465373626935 0.7838655434701267 0.0467986864807961 0.6424630380008625 0.581053270067528 0.8540768068469384 0.1015913880406788 0.7172610419332808 0.3788047932330807 0.6940388676938875 0.8954870572394084 0.06885820045489699 0.5936385064451921 0.5001320138490021 0.5782514299849414 0.16769384801058596 0.16323396016027314 0.8061134396051102 0.3148918609544574 0.2714758111129213 0.5794576805181603 0.558580733491124 0.9500321709602506 0.7773166878551195 0.2725830971539438 0.6319868171831944 0.9482770524196705 0.7646050898009482 0.25895715947300824 0.9441941333902851 0.5897665036499274 0.8809593997077886 0.31898315596408877 0.4550057249797629 0.0771682823272195 0.12679500532877575 0.7666551617632469 0.7889972277513355 0.3155419923198055 0.2987731367935763 0.9873027494594289 0.28162263978394697 0.16371180810410502 0.7305947537384407 0.1625698760513853 0.07198554443503469 0.36488339265603864 0.894007284037162 0.30600128453278286 0.6250605570712694 0.8963120025506583 0.17656982138889732 0.17049482584914688 0.9065122174684547 0.5493607633131424 0.1867232670230301 0.6034485176430482 0.3529897026039208 0.5325485768012774 0.09551611893968692 0.9184076943823406 0.08209574035132994 0.6185090671756619 0.6856086382807957
0.6163259191824236 0.9213553847345146 0.193828890861522 0.562611158248528 0.6851469679991193 0.7655446285735167 0.9259212241765625 0.6543387556966871 0.26023825821347735 0.0 0.6733057800920339 0.17794862988376903 0.8235472732283751 0.9690677335602799 0.6038675885234277 0.2589726613235461 0.06181141621059505 0.6918155090812553 0.8114886091591845 0.6945953943550437 0.18645783038800123 0.6143405604289409 0.6890110304802112 0.6017232764283305 0.7097944559160138 0.6550491662942589 0.5998004562932167 0.49257136960533277 0.3020861125794124 0.8100171838887695 0.5417897718979493 0.061342708334073626 0.9928328391863954 0.6382479097668028 0.14592645384473413 0.46398712942426557 0.5196380501715762 0.10705317512709245 0.654198281584728 0.8756033083600026 0.33675090559406484 0.36482265040607453 0.8016283711135543 0.8999144596161556 0.9539940356697528 0.7032388902193654 0.12403741146366765 0.36596852803660684 0.256781462767824 0.6725595993130835 0.9757807190090909 0.6744036666413872 0.07980469616055297 0.17524402887353285 0.9353130870775221 0.7479134670019968 0.7435458347671667 0.14301527730536534 0.5852913678090196 0.43096433308250415 0.3251559618893204 0.35216052763165984 0.1653340262102586 0.8799398649916633 0.6514939902706748 0.04344090706128134 0.6348207178208942 0.8820869568127425 0.16882819906583257 0.7508794229223281 0.8756176310351746 0.7125449152545659 0.8966998915973197 0.7971411020040049 0.8824984059498823 0.8706046401602638 0.8713508278791077 0.15174635703133954 0.9001294864602216 0.8387690653413592 0.6730913703843173 0.26313017266085637 0.2280468608137367 0.8763824898248205 0.36517436927989655 0.2625101935211094 0.7745230191736205 0.0510258914345213 0.31396211297288 0.3296563430603231 0.1214989283197947 0.19510175296402732 0.7237334583292644 0.3175990826217068 0.3968354585199064 0.9524424365411793 0.41160753034855346 0.10360519137123825 0.32660478046142805 0.3146522241608729
0.7327672007719773 0.8139088285997654 0.25432136288752627 0.734897877204614 0.1498122892333329 0.20901045555239184 0.40576388341498326 0.9807281235788596 0.3994297267402025 0.6733057800920339 0.0 0.5786216902945307 0.14562671848969944 0.7742131052880113 0.15730813789718945 0.7015924003004164 0.41840106987139214 0.4925299789920239 0.7755905839537374 0.19100998904790045 0.5589927943343659 0.11046982405472561 0.22414441615468939 0.6852634850004796 0.10297649660419594 0.4155881125439347 0.2810331514040041 0.998699694246522 0.639430175534509 0.5119495567656269 0.8842107185204333 0.5241798927368889 0.8992259098778991 0.34677796895644597 0.40432630867929875 0.25192543267375256 0.6249663649480571 0.38377876151766466 0.6946451007381489 0.8897979712134267 0.6707228850231116 0.20068583014953134 0.2867170597571881 0.5694165597244888 0.11044701105923582 0.5739287786424643 0.4172566137927529 0.24407349533756062 0.953474748035891 0.3179358850571181 0.2965511817818989 0.9447023588419643 0.8133444145378623 0.526542956266187 0.28974149687212036 0.9727858480282907 0.19704882898531495 0.4734626065016211 0.1629240600215115 0.5353378898541408 0.24051486615809792 0.9237639410311956 0.8602284207533115 0.4959770186083168 0.305174849911659 0.50666110141535 0.7830210203037663 0.8285771622298845 0.19357002868288176 0.6757543840905078 0.9629587886813827 0.7757200596229741 0.912490704942301 0.47299827153172536 0.4689333102724298 0.03009952230200663 0.38975619335908673 0.5811546039923181 0.41560376665819 0.11314344782774921 0.29230863450140654 0.31513408337965365 0.6213358521735227 0.38576149510527646 0.2135107322717421 0.5988156654577032 0.7564624871386917 0.0422938273711283 0.2792830252912536 0.16632703511577485 0.21578354096672125 0.6655021490869572 0.6744335669916091 0.18488787353450475 0.44242533103771875 0.3329394762599688 0.781579721181698 0.7412236740943149 0.20477967441995515 0.4139373289981956
0.6651279678628202 0.7639972724233335 0.017411206632997223 0.19344971545012457 0.17452302395757624 0.8900026653763786 0.15839411162897865 0.7272649214930071 0.15541232365770974 0.17794862988376903 0.5786216902945307 0.0 0.7775945448298075 0.11339921515441398 0.476891490760048 0.43188910198961084 0.9891886331720527 0.21733276784093292 0.5988765056994544 0.736835237844515 0.8296815515549193 0.5087069301932895 0.9117432304153763 0.9165711420256011 0.7847748434322038 0.6059201303992533 0.9972567298878918 0.4212365943712336 0.47983019666292015 0.7437728136333612 0.4318276048600521 0.00020958105981816466 0.3098338390229223 0.05436785782582021 0.42751896922101795 0.8265797825745018 0.35943065438802646 0.23663345774665812 0.6198304822413491 0.4459329851882088 0.06436460824784973 0.02727373712350034 0.01128959609710245 0.8698655531698527 0.8119199248378105 0.49809591233987516 0.9521398897808226 0.10458962105927694 0.21751619989179305 0.8851173729641624 0.03920430453310941 0.40519691970530125 0.1250117689695862 0.6439164309022904 0.24123178763591457 0.25137665223344785 0.42824078998784554 0.16993491020070528 0.35793226302313863 0.7808095208698397 0.3481523495503339 0.8541781670480412 0.0684344289782235 0.2301353421567075 0.6574492819737955 0.04546665185407228 0.2661753917101968 0.05931079198286149 0.3183216455710043 0.3014280253409932 0.6787686628461584 0.4204760620107728 0.6309725992905786 0.7062885737802445 0.5426532969766067 0.7347834812940085 0.27630387502577824 0.00925290275610502 0.6507033286149713 0.7902398520892326 0.3603234465737113 0.20439353258164983 0.7121088103357351 0.9923385845340214 0.45462180335444446 0.9623739310054297 0.24475975505881897 0.9672775027817102 0.21736204286418004 0.004260002963275 0.5947332225380016 0.8196999102715858 0.7660930372260283 0.07611280562814438 0.9735870657432332 0.81307877776283 0.08902618527803619 0.17860508011692544 0.685302897476047 0.1851966254800015
0.8349581488662782 0.23298358197129365 0.9888019644149234 0.8613438136364527 0.7183374032026755 0.5520671642805512 0.8522483889571206 0.07327909914065844 0.0878585959026239 0.8235472732283751 0.14562671848969944 0.7775945448298075 0.0 0.6636948190478418 0.17793707014771332 0.841464881183924 0.5745559458972485 0.6140172065010999 0.14197479375728084 0.12295759339239032 0.7185015068341392 0.4892914778322568 0.11968188256217982 0.15062954012441665 0.30575291846915276 0.2914941413009544 0.687737114291475 0.527368799643228 0.4159490682204686 0.7279404425670049 0.8520460292510916 0.7118890787235793 0.26975458992570944 0.40913831828988434 0.5225120692237972 0.2831742538735962 0.8826570189176892 0.35130086531745186 0.9315069310513178 0.13700565904924478 0.22340638141367997 0.17728775097641458 0.09473408007478712 0.1595151330086676 0.8625859977152769 0.6649813028564979 0.2399052898467835 0.3120147154859878 0.41006869276451674 0.11726234229158117 0.6115973913284971 0.3496489529944834 0.4429780075779277 0.4586488319329919 0.7400154961644514 0.7942176563910865 0.711019651504311 0.4401865744989668 0.5608111738813372 0.029568392630815232 0.6460021481221583 0.7423520862142647 0.8649091536745233 0.3545439416481826 0.18807371400490258 0.15262141173453303 0.08036096036604401 0.3552445529617909 0.09218081391805566 0.6732373628957583 0.36035536829332193 0.9927856539061196 0.4776882964151824 0.37145698304399044 0.41278350366566663 0.11388382135019526 0.06816588946981172 0.8264723348601428 0.7096908489112398 0.24346403544073814 0.5265372695221483 0.5286229944252351 0.7723531902847297 0.1255171889299127 0.10624409309988503 0.5880016289653449 0.6498573412366251 0.27185680713971394 0.6635128890113524 0.9316882246427765 0.27091833737132176 0.8424651494623536 0.766322189595699 0.9294082148204286 0.9254486743632828 0.1816106644666352 0.683347588116423 0.783671916747186 0.7336299946137471 0.7983338467480687
0.5508901894563446 0.5892408847597524 0.014414641543885609 0.4615622312876012 0.517418461789812 0.5754842036279189 0.44549718876677824 0.8983136457085981 0.2832430873890711 0.9690677335602799 0.7742131052880113 0.11339921515441398 0.6636948190478418 0.0 0.6142858369225583 0.550945536685086 0.8210399480454552 0.2405787600016417 0.6434689472002529 0.6020635443910419 0.6527509505672431 0.9219268271720904 0.7594955832152933 0.9224863548923162 0.0982296243346904 0.9487496369637258 0.452086778864502 0.7659719880264833 0.6626096822438574 0.13918305397142672 0.20354294245524474 0.19325508524479285 0.9296692340326321 0.5139383824499624 0.6322293792461787 0.9685509846024946 0.6792005117373433 0.813840530787915 0.49999353387935186 0.5207328556774438 0.07856162277426759 0.3695896984743836 0.42730784474569294 0.03851043104966223 0.10909583961454061 0.7416053982708168 0.8372315911093401 0.10199509216195346 0.7236172716297393 0.5141417407270871 0.8756177044661471 0.34737759255738376 0.6606899961397591 0.2406631573004423 0.1883394592213422 0.32478079350385924 0.9428791969718067 0.43169089600166743 0.3160992177159073 0.4515142459668353 0.8345658893883814 0.5091311019268727 0.986478072279442 0.011837559836515688 0.3301033926388075 0.3267806301056936 0.24542075564928156 0.7551720210153541 0.5758270794586382 0.518104915238695 0.4602264671136359 0.9782985371276507 0.42162408857215306 0.2934705943132343 0.08430782830642425 0.9010776277777668 0.365185953868695 0.7993241235686522 0.6910506232776925 0.31984589722884704 0.9391692967790352 0.8246063954703502 0.5641379644389142 0.5852900702621545 0.696357172879847 0.085159243266273 0.023399149651569306 0.9125362315113077 0.864523962119037 0.4416377144079138 0.38333903760527044 0.5430540358373519 0.7317202596730139 0.8890969488453493 0.9687071899617795 0.46681012897579766 0.6669335385336095 0.8054416895120964 0.7313955373006495 0.6965316022811571
0.8601162723429897 0.21017388708810247 0.6084734708152401 0.4317334462558191 0.4724675889808674 0.7510576385834572 0.44044694472063706 0.8213422637848866 0.8942255217780796 0.6038675885234277 0.15730813789718945 0.476891490760048 0.17793707014771332 0.6142858369225583 0.0 0.305702231655828 0.9672478495760425 0.5221638216920759 0.4689761017490356 0.7492721431722433 0.9379823945389173 0.9666752131622056 0.36620950459444634 0.1387514303671199 0.4833362844383827 0.08266862880783099 0.5535505518258996 0.6452787720013509 0.7339184067883595 0.5711686983510315 0.07705373493985701 0.6850404420364287 0.3648399081045475 0.9321696931948704 0.6302493161372887 0.3614946827934419 0.45202921837580934 0.9743172045780083 0.529874567012687 0.008641121053651779 0.287648346380045 0.2129418835898268 0.15062707554466848 0.7719182686941354 0.22734337274592342 0.6919974103929829 0.03958002153331619 0.44272444615092355 0.7447113116649763 0.46810500122912824 0.39632128913954656 0.229737908641385 0.8792407801942864 0.8076543270834412 0.11454943544832397 0.3635391499202122 0.35811723439823495 0.5944209836864367 0.20018006560028545 0.9291995211723114 0.36531563546159773 0.26358635587723156 0.32647701979845867 0.052771221138469215 0.08852487115069019 0.09379893099842773 0.23249364798850147 0.9964694072537078 0.37858617978270837 0.4845186823322225 0.668575990404638 0.5427896101704257 0.20939764309273634 0.03284032279150484 0.3081963898007738 0.7560467545323467 0.4133694224658594 0.7032070653558511 0.2316029770690584 0.3314020557114291 0.21201592452925289 0.6472707546750075 0.5240746197751006 0.33947722127983193 0.2598220667143082 0.6560606372172559 0.5670736972826215 0.4359427849346942 0.6488090933361034 0.0034918975290425536 0.7448683394739254 0.029699400207093385 0.5921925955633407 0.199297382466604 0.1482881413468694 0.8810401422101969 0.9171234653079822 0.1198049065537341 0.5106981056196337 0.3356718801002606
0.6846010686076801 0.7544689042069986 0.4655249090245803 0.8913098750660474 0.8279955800825833 0.7293781771081723 0.6223882845588745 0.5601811463675953 0.4501727264962948 0.2589726613235461 0.7015924003004164 0.43188910198961084 0.841464881183924 0.550945536685086 0.305702231655828 0.0 0.4196022455614955 0.19714868021640253 0.7747348254687005 0.09478769998089265 0.4738294058444983 0.5004547953304053 0.12391092956948446 0.2740219526020866 0.7662521024494102 0.42814549410256997 0.7214122553126602 0.8362427903129889 0.43700099158641303 0.8377831006911035 0.3182030850060231 0.7726064522400048 0.36942802001014496 0.20273050803103154 0.24431742762024378 0.3533488309635502 0.4538594901529929 0.2558916393260747 0.6363769864007078 0.11148375668793176 0.2805527736848753 0.43045252419236923 0.11848337923404462 0.6910159804294713 0.21774307602734233 0.4456440158162769 0.7947962757707777 0.1430558803089581 0.012657169642916077 0.4283665679614804 0.4799425203164104 0.06521271851959343 0.5837842534369454 0.8091497145148078 0.22204751076707974 0.5066045339447378 0.09428797453398707 0.06358137995794222 0.9263839382714845 0.48292085952531094 0.8701082825671258 0.049189903453479955 0.17263784274455374 0.12783354467755959 0.08338865027771014 0.7959779262693017 0.8116056846181586 0.7068636071426688 0.3916804527553057 0.5362333952860896 0.6121532465376015 0.7688623565555014 0.07795489785973242 0.3268776438608346 0.4196651004657991 0.35155160240530625 0.6946874736186355 0.288064350017179 0.9696288851370808 0.8157419694815494 0.6045581402954984 0.7553371899166763 0.5510845824893067 0.433350397899791 0.3523042719081677 0.03422945477296602 0.4565578015384488 0.7606952107069693 0.17902038838240686 0.5985172260614737 0.48323377488689934 0.6427629166749446 0.7417365859379106 0.7630198395335299 0.5146055551870283 0.8700265431733064 0.5067810526120095 0.9045249939480553 0.3607443516126069 0.4212363768114912
0.01216913020283561 0.3174030013825857 0.7048643750698804 0.17097500459661463 0.9162030296873682 0.8511456209872557 0.08838804069609685 0.5151831067668233 0.5155867304721187 0.06181141621059505 0.41840106987139214 0.9891886331720527 0.5745559458972485 0.8210399480454552 0.9672478495760425 0.4196022455614955 0.0 0.8309249016950172 0.5422553519534856 0.1056658892305854 0.23280872772684846 0.4419211682526186 0.4231096041615967 0.15211957749389438 0.4294920834704258 0.5838661751064199 0.6519291279330649 0.7397986872184027 0.7552467522473891 0.9924656719833672 0.2342168698336351 0.842953212750945 0.6093907163593208 0.17187809116271946 0.23687960779715145 0.21069881427771464 0.13965923533967783 0.42967908416822254 0.3268946093368521 0.1946285703430316 0.11273318573565572 0.8346489870141695 0.8093308006159943 0.9168297216952752 0.14695178618586313 0.34885971092229984 0.21954896348248631 0.8815645612772309 0.48106494417477585 0.02250638527195359 0.15559155439345573 0.1283432449170694 0.9135505576918813 0.810521710155758 0.26222744244640617 0.792821457541191 0.29589993741493437 0.01207290464041011 0.03150928400926711 0.1948250119710352 0.8169332503861741 0.08662972969171179 0.5381889882275828 0.6552047703577923 0.6731616559387105 0.42181530206201767 0.8191935517233325 0.26168438010468964 0.16146601171916752 0.9789929598098654 0.6911616919733828 0.4395796779301123 0.862258826113564 0.0056673688230698405 0.25006178979243754 0.3525667665059511 0.9041004499884719 0.7392146229608976 0.4278503469085043 0.28271831244953793 0.6225593793248883 0.7656819893276586 0.780051859759227 0.9240903480134371 0.8971412603972324 0.4050291053526244 0.6802819797014914 0.3324780291039805 0.6357327857097593 0.17779162450041952 0.8529087090217728 0.6374353202188412 0.657302141489723 0.896808650810673 0.9310932497648332 0.8373676549827855 0.38429929027999254 0.7710360730118345 0.8504995281168406 0.36154615294481385
0.43517537463515354 0.3795072858374998 0.034192007640144406 0.5805994066253285 0.5786647760293772 0.13152317757830334 0.6243594733745117 0.003143310472568994 0.026291593784724454 0.6918155090812553 0.4925299789920239 0.21733276784093292 0.6140172065010999 0.2405787600016417 0.5221638216920759 0.19714868021640253 0.8309249016950172 0.0 0.5549869790421793 0.18254658738233798 0.6094265814764854 0.3332823862764691 0.8242990137610037 0.34917000617430494 0.8151057600491265 0.3656809806503266 0.7493109170438486 0.15704231262667645 0.6460245515235473 0.7689649922557821 0.014612788461917936 0.7722764347065801 0.6947676896324674 0.20228686267050577 0.22862493203952328 0.3642650210921342 0.3748098774426052 0.7705799912627949 0.9625016570633941 0.3858478410792222 0.30883363341704295 0.9719782807817825 0.9070901873104215 0.6198319615816859 0.043979711310851544 0.5500868770921046 0.016008669939242215 0.7728952182762834 0.7095519058315229 0.04300955705198417 0.26395187305015233 0.12982734651964745 0.5993928311941037 0.10045185041785543 0.4893952795270161 0.7400837496561452 0.8386414233806748 0.19930496921353913 0.3365814747200302 0.8146444691857697 0.6945130434685391 0.3957691091146178 0.05744487533325415 0.2785419555753963 0.6725613784771726 0.6150202144596845 0.8029701027737107 0.3538482393982586 0.5313462511116233 0.8901210999427688 0.5102997382491177 0.04692974716355924 0.24504199289179973 0.13171708366606083 0.33678890726470434 0.3549893813529752 0.31864498882149317 0.297446426291064 0.9862125584323288 0.3618614451483546 0.9499314574769729 0.04179055129197984 0.45873810383344593 0.4189618737794829 0.024481938501214606 0.630931420815831 0.19598152068341523 0.5164685223855977 0.5110670022218464 0.9688460227597966 0.9408489979551514 0.22137657977789116 0.36113406860828867 0.3938822189581581 0.8811583333409144 0.4409138215728805 0.3896308768940815 0.14421785585073243 0.09065386518306928 0.9278928129880734
0.5575291754762917 0.8378928793697439 0.7564423236641508 0.37696236431459507 0.19933693375117356 0.8387096664670136 0.40288473427030036 0.12425610160677547 0.9501440836793433 0.8114886091591845 0.7755905839537374 0.5988765056994544 0.14197479375728084 0.6434689472002529 0.4689761017490356 0.7747348254687005 0.5422553519534856 0.5549869790421793 0.0 0.5748305143091447 0.6705932284720136 0.135630918487334 0.14104076928895004 0.8770738720914623 0.22614809736023744 0.47134391600460934 0.8747676999079761 0.9991002596970998 0.798114041784767 0.3710875146914686 0.07274264724168622 0.15347799580252497 0.7735242169831698 0.22356171573481953 0.17373291165665428 0.4652387926389362 0.4088153006056344 0.9963138636483935 0.48466030246562775 0.3693176483861218 0.6040730941012062 0.2569139796226655 0.6631740535532943 0.49424738325718676 0.5051538039569281 0.38456443481709723 0.8396029213203121 0.7145322371485597 0.8394067390233478 0.3384550734087768 0.23356309446507073 0.9401161056608656 0.5154358589624787 0.13626273498285502 0.6921356519722192 0.12713369605797697 0.08673502934977328 0.1345417391213387 0.6261462182494778 0.2971019573290613 0.4395575678016228 0.14932269360962014 0.9078316975530321 0.5990411009519486 0.5166123003729043 0.8041818565541471 0.7865402896534283 0.3067898518232556 0.07240491523905435 0.7977091369372069 0.5653939360774036 0.35565886882452125 0.3282444011609381 0.5197108386648202 0.7021083813043747 0.5665065292422415 0.7747449721949485 0.5506664735792373 0.7796733277622832 0.041244460950327855 0.8724326106128515 0.5647088886384374 0.7302139088546719 0.6650604446139057 0.6136601191246378 0.7339313658871308 0.8564313866073459 0.7287354659696399 0.766788700553795 0.3570913605165258 0.5920587314488468 0.7180372606985825 0.13231536268922262 0.6739847897123262 0.21926120913310443 0.06373151859315573 0.002018531142986224 0.5356188035536572 0.3417833067113635 0.37220420865416326
0.5698187057259579 0.028230402189637793 0.2849039259049634 0.6660231233903722 0.47406566277185447 0.14082582416172196 0.0072732890974969155 0.8341307977672435 0.8473144641468882 0.6945953943550437 0.19100998904790045 0.736835237844515 0.12295759339239032 0.6020635443910419 0.7492721431722433 0.09478769998089265 0.1056658892305854 0.18254658738233798 0.5748305143091447 0.0 0.729629671833837 0.3502249691560638 0.8299207704815811 0.4979773244985338 0.6443612369966112 0.5748376209079973 0.8525084554242156 0.24364933398564836 0.5722262916302421 0.38735952594199763 0.08563801725678377 0.7639868411320063 0.6869598236192821 0.09090197895331886 0.07034958922281265 0.061309398936445936 0.66645974756364 0.758378219475682 0.9095516276917367 0.877089876145211 0.6327446577796041 0.5785158103313325 0.5354981863627164 0.2244796351437306 0.9345740451989926 0.9427532570439998 0.24200682919075767 0.7692171776044453 0.7978919642742096 0.7785492435357125 0.22750632681240968 0.1664971686039094 0.8195423548327991 0.62647162502704 0.8877200531994052 0.1789867590738463 0.81652899789563 0.9149654568857759 0.3053809663019935 0.6939937298342622 0.15408581472567673 0.3594118020504099 0.9637489172511939 0.675829820333563 0.0725034984192151 0.6427023728028484 0.5914456657594604 0.9303132821036108 0.5893672274326177 0.9771658085762297 0.5146046699538996 0.7015534244405611 0.12353304966197176 0.6551713081770778 0.04160361762958986 0.7215972883127493 0.7880302402657527 0.5644793254338547 0.5988984273803344 0.2769171752360793 0.6795676555941008 0.522645515017755 0.5623234143347959 0.13307689624285624 0.18372650487774067 0.38789371615295265 0.40753760946130535 0.841140703609334 0.9030753708978313 0.24992492279753942 0.9547219378546472 0.8908761656064952 0.8850834304945913 0.680726872706636 0.9765166736075045 0.36688145670830286 0.18123503969382937 0.8823419468119559 0.8324957169242537 0.4905425093584329
