0.0 0.22452545430771165 0.0990530233580813 0.7900460912877317 0.8169631381604399 0.30263333361145917 0.4178627462865456 0.7781547221855964 0.3427554101715653 0.593781646606994 0.08637983607432487 0.9034899625234526 0.9399139072568866 0.07516390456452571 0.5307008749330194 0.47262998024252456 0.5732078826113874 0.16899060842176528 0.80284147557092 0.18011402357405548 0.6120788205232348 0.526867355250845 0.9941409411983566 0.8942198962137479 0.28106474730836095 0.8866249300684652 0.5988115907126081 0.08938016725237152 0.6145690384644388 0.46711220426757116 0.3526263305861008 0.8778513940620909 0.9846276908801694 0.8812769357603522 0.477666036728294 0.901657286140716 0.7472400606525934 0.49380820415624804 0.21155286824279673 0.7204867172268375 0.6909936230737652 0.9221419445555433 0.5929210113977571 0.016714383518773523 0.4677989132911564 0.6209069119695809 0.6018545961638738 0.9544318325082743 0.6977408604323473 0.14631168832794705 0.9577260684464348 0.09850834560180954 0.4735410013306979 0.2507975074877601 0.9409057559737064 0.7668906456130469 0.0447244833093845 0.3125319944645517 0.6986602164005641 0.9728984959188804 0.6883418338032522 0.4605904140823345 0.1886567456774706 0.6729771737755887 0.3347245261543381 0.7689612973124319 0.7506062943835408 0.5009281819534567 0.2918496061695067 0.5119494938442831 0.10957065287211054 0.09968810969128306 0.7025808619350253 0.7957325158219898 0.39554709096141316 0.8151574201080479 0.5936184175214689 0.40876034999684885 0.7682642775063733 0.20884126060887054 0.9524121077608919 0.4711954869447449 0.5419479426101149 0.05738331001896968 0.15992863892347897 0.4441301370247366 0.2252407735058537 0.34158202260570214 0.009347164960507692 0.6900920491577944 0.7160703508601095 0.4386819180577186 0.4519359519908106 0.8435347470480699 0.47083801097738864 0.809915863896619 0.4106937876914233 0.7162662811315322 0.7922519002893346 0.2864239671001181
0.22452545430771165 0.0 0.6235005916706593 0.013429810815752119 0.606953665379696 0.35358901118977226 0.7081605485244241 0.8965033635720197 0.9354231293812493 0.7692978015670737 0.15717400964925599 0.35561288676109826 0.7403377361840392 0.2306630119240266 0.9107312515962541 0.18755917584523274 0.6565616749325045 0.455493183849213 0.5453793116498582 0.10824889989637321 0.7511268083809373 0.961786835847047 0.27980675700163227 0.6666569366497721 0.9514792998351166 0.6837689351188816 0.4982235594426244 0.09906890601107343 0.3638014374281301 0.19846755955829531 0.9610442048925374 0.5884843086224153 0.5097609059005325 0.20273881955987916 0.6998324861769581 0.3430921355828829 0.6252308130323881 0.42642243903711885 0.9364452555166496 0.16774123772792127 0.44235444681860836 0.8192635462911179 0.24202135100807343 0.6313315484959666 0.4916674752536633 0.352376494760294 0.8420718482061605 0.7206650488135485 0.1779924290327053 0.15172074559119808 0.7659752201655552 0.33676688479345007 0.033950364589116155 0.6688535068909077 0.019581299411482456 0.3186359618550133 0.7921702654712912 0.9339896223730716 0.6219253742115138 0.5534529312555935 0.911373947073261 0.9695875499964929 0.6443714287376212 0.9558914176889424 0.8092520274334651 0.3104478732946241 0.3802846485482789 0.3323177563721047 0.7832790685681068 0.44710678140868987 0.8892112627077967 0.7062122050507222 0.14311206720794867 0.5433727366387894 0.5406078661361049 0.5458975371147395 0.1977497890901475 0.18715882030444198 0.690936613334161 0.7116081162200925 0.6080111798944252 0.6638093709101154 0.3459561832334903 0.724442823073577 0.47695662124240246 0.6659694977509223 0.6006336357846704 0.22218850143276758 0.6231635184736506 0.2751483130654456 0.3965344893964434 0.3847101347948161 0.7179045910416527 0.3335508928542297 0.13756845266261564 0.1575962898165898 0.6814251012038448 0.8584273693958147 0.4309077369595167 0.2513298635022997
0.0990530233580813 0.6235005916706593 0.0 0.21944435867565093 0.9401841410207705 0.7582705171968964 0.8838137284260061 0.7584796053724809 0.8796473115755736 0.9607249026731763 0.690861462222791 0.6405760532548825 0.8352703133611575 0.02126301305854128 0.23184962634209483 0.13796787593234716 0.21678229363004553 0.6192506654937142 0.6345366514743243 0.19850323416036153 0.3748314209354692 0.6987193712167501 0.9393760545525555 0.17965513562383273 0.6618319228864623 0.7303853488857529 0.8038714619341871 0.41064220569593113 0.2447400279802282 0.7326487566519174 0.10166660237507363 0.6470758315491801 0.3558782180497083 0.952272634658208 0.413726661493353 0.3234327235507918 0.7616393964115554 0.05682098640048017 0.3453059198603412 0.5309419733624996 0.44746847432498393 0.7297590814080029 0.41091142159023364 0.8830555580518618 0.4275947895423442 0.8151465641277925 0.7080297152475977 0.6621513091360864 0.1641342397046901 0.8856261426069872 0.27676901248475194 0.17443715234394508 0.7204645873859239 0.8434540606694656 0.12215078427953785 0.23750845787174524 0.5664829127888569 0.5437890547678934 0.9569089418993224 0.8064388012450534 0.5826613897645376 0.8972025618317804 0.3615723977201135 0.2366950460299423 0.411969956597515 0.23734426774367368 0.5718070686708403 0.06275845384138357 0.6414092205724207 0.9771881096604155 0.622609340571123 0.7741411519125296 0.9600454610968834 0.4996168716404472 0.2524985296595943 0.10639840047964566 0.46719020733077143 0.898938809548097 0.17930763801737604 0.8990869844539433 0.09604851041337359 0.4322694728444879 0.8898202320555474 0.023927588755726648 0.9749250735574928 0.4148981242459483 0.9588453673011319 0.2528555465975617 0.9074027845307996 0.4421421695590386 0.647990509792244 0.2564317137638894 0.4513458451712543 0.6967061433767354 0.6125634794650285 0.21353417020726806 0.940540026057521 0.22838584328376288 0.9715706755289508 0.028023637993003225
0.7900460912877317 0.013429810815752119 0.21944435867565093 0.0 0.5885831719034744 0.6786612417580818 0.6629958354395278 0.42492806452317755 0.12766396845014183 0.8467689272369703 0.5968565140224997 0.33289903862006265 0.7481665851756952 0.5888041201430361 0.5920494332426399 0.775139663607332 0.005134245098304957 0.8138811426228595 0.1518254447762597 0.11453411166008032 0.021874189403934152 0.23852556164383054 0.016746850012340997 0.917663865263334 0.5217139137931867 0.26064633959271866 0.14809361071135774 0.5081037313521182 0.33530085486579553 0.14533398458840163 0.04678392204036419 0.719736474728925 0.08853004710373857 0.14679440556685075 0.3439975724183062 0.7550822947162464 0.5677197428754185 0.10134722389192774 0.4786276512652068 0.09347548679365159 0.6687736366972218 0.7570495698900491 0.20484250467695497 0.2626361079476228 0.36303689548469986 0.2864456945586734 0.43545399404794505 0.3312726708432454 0.14529432945653664 0.5513208836072225 0.7536865764631328 0.31379026965734247 0.08786039851064775 0.9130309918940839 0.30536502851534897 0.30256625348439714 0.9231602662857005 0.07619199360963269 0.04423700088126126 0.4235039533356345 0.309009985389044 0.8003239743077363 0.7940538950052106 0.731578575624397 0.024162121899549582 0.7368121051163586 0.26935581431166244 0.7944718145302578 0.2845929711194214 0.944093091537329 0.08466056485513951 0.6142447910783908 0.06940129878295243 0.7527201257684502 0.11806516889234564 0.5704810634392727 0.4620006080991328 0.046134783924494105 0.5244476459386141 0.3078102692718174 0.006171351814806325 0.30644722955653114 0.0072480754746998555 0.26693483357691106 0.20639238231043622 0.04505372268910268 0.26071977170617167 0.5858396108257055 0.6740827263574932 0.5026184414793375 0.5336285537674594 0.19724178448926089 0.37959004541585795 0.9308266249930023 0.6375221140515297 0.25315722269386653 0.28117148659297886 0.6557628028328036 0.6951262238932934 0.969008443025213
0.8169631381604399 0.606953665379696 0.9401841410207705 0.5885831719034744 0.0 0.6489406313271763 0.501881647143852 0.3715506941264344 0.12030382970704134 0.2681111213921703 0.9490555189537027 0.855399471939224 0.46566202992375316 0.07339363416716949 0.10931001695268039 0.625190878024097 0.3760906399901375 0.9039268098522686 0.8362574722786562 0.24399783690190413 0.14892035262350345 0.23528252343067524 0.9280652969660376 0.4837787369162345 0.5119256950848098 0.5003329300903419 0.2964451517582025 0.9373387501231852 0.7676493128189285 0.7674933164542695 0.8251909424927825 0.9072328835370862 0.07822021893004061 0.6164677861091848 0.24901693440801076 0.3469949290775386 0.07660789570297055 0.03024063248060649 0.1736638423685023 0.5380817510183932 0.8511953215401064 0.7366158518815566 0.2066737338150706 0.6752515603976175 0.14750165286037353 0.41499959828776745 0.9854580254665322 0.19431826805439 0.3143947669626185 0.3681137130919411 0.7235614356874844 0.9211597315831448 0.40303558331639067 0.8707493310941972 0.7129645232960261 0.20013174971665415 0.4173490667237686 0.11366894615331136 0.457650468325969 0.7968201141864787 0.8518402260646871 0.8679013519639651 0.9029240985705966 0.04339575610382418 0.5893659425831824 0.29595657061754765 0.8428469455592733 0.9110695625556382 0.07007964878597195 0.8917706021495972 0.6763331569963511 0.46096834457707114 0.8901158141015963 0.6806087506474506 0.8016331678186919 0.9065731324388042 0.8236538009551012 0.8594450198156015 0.8739514009952716 0.5552299219846611 0.7989600293578855 0.6870794943540002 0.04609529820108205 0.5608421715418038 0.012070948926596548 0.18103943723123894 0.22249674004514353 0.9598727778089667 0.16506385602016294 0.5661721850902225 0.38077275943289046 0.9529849921316417 0.034208932865088304 0.0030377641951255807 0.10052789995187639 0.3104656721324589 0.18380757955586213 0.08976928303740883 0.5021279001936572 0.2675166478087909
0.30263333361145917 0.35358901118977226 0.7582705171968964 0.6786612417580818 0.6489406313271763 0.0 0.013981394806919845 0.9867191270536393 0.882548301788678 0.36619351101318554 0.39676077677353616 0.05433574910838779 0.19031401224815436 0.2381145474195766 0.5602764203497691 0.2843433850316671 0.8578724708792553 0.6863709391906443 0.4658334539009499 0.5785596208345528 0.11082413413388847 0.4096628569609473 0.2544218614254721 0.07205710405007137 0.21646000113549835 0.2121923128653309 0.22970358077628927 0.8515897721586609 0.3879154721730885 0.7545003163038475 0.23972128533278314 0.14353167466590266 0.8886009673242019 0.23972129499892558 0.22489193971206578 0.4466959812974147 0.22197784263598364 0.25023406034820683 0.9500975069761369 0.688339456825214 0.501960166742026 0.579564833919607 0.555148885623501 0.8464727029409729 0.6512509524022149 0.29188532102934983 0.49097266590126654 0.35943940666568197 0.10042627069335608 0.8216727654476589 0.14973838895421565 0.3564500930543485 0.3499219236794593 0.39298374977627926 0.8502551864127763 0.85462223161723 0.7536568780960456 0.2852556971116895 0.7580501634758221 0.44243196856638967 0.19188144992786949 0.5549408974696287 0.8043904733438143 0.5033182260560427 0.06872688632263035 0.9884253446916202 0.6047400167690239 0.6750510135041313 0.9029064285790095 0.16925601630200526 0.009939544305095582 0.18220443205276438 0.7424297872374969 0.04281212276929591 0.18883768683278668 0.3469587506328944 0.7538053115620975 0.6334335663329571 0.09977918781347561 0.4998084812349455 0.5104748537996712 0.637870584139924 0.3802525027071564 0.39902532917668254 0.27752613410287064 0.8442228655551008 0.44368677351592356 0.2294693561242407 0.5174935585477527 0.3336591632504343 0.4612693930229924 0.9512850247647681 0.27108093992768356 0.6188669400382296 0.28427044551293157 0.06291518786416406 0.6149497288287101 0.8033022029854593 0.09809014761106649 0.446892123791789
0.4178627462865456 0.7081605485244241 0.8838137284260061 0.6629958354395278 0.501881647143852 0.013981394806919845 0.0 0.22324226017557125 0.03355019647670576 0.6932011172482828 0.534077967013106 0.1804369138927302 0.5130312042020168 0.2600809398612318 0.895880440896311 0.7348671682769056 0.776566562446857 0.18984816154175177 0.10676375163248153 0.09723535123276195 0.7031001985797755 0.9768580761116982 0.15568516963355883 0.8258891969124853 0.029674031914246335 0.4999822161089068 0.40560483690566285 0.14781769248361554 0.4500667314329261 0.01065437801514213 0.15683896319322876 0.9529737945724546 0.1103985485539718 0.35552610875462676 0.5459084459520975 0.9349312813871399 0.26332753992876445 0.8525733670302549 0.8015609144439986 0.8925740743061994 0.37243784096681 0.4295760474651884 0.4020126117618237 0.10714838624696577 0.4646331429659354 0.5169712138875849 0.2665708009119343 0.5454085348258878 0.12558025403498962 0.8255859452418212 0.1144231962674579 0.018781605164834736 0.5304157992756829 0.3269391675518334 0.16917140054258661 0.7920780352774766 0.24749889701149985 0.14787267598342968 0.6874342112408771 0.14242725078787255 0.08600918743808561 0.23369306348965235 0.3518700771758395 0.5056422504154752 0.49808149369984467 0.9971845966561157 0.6874343285436169 0.0298359583391542 0.4534372149688717 0.913786799653182 0.6834492355036969 0.887389603440319 0.7259201366625209 0.2027122800807566 0.33431357555415986 0.9421100380716925 0.6791140982618789 0.7592871691409653 0.008732175560132283 0.7712232077977934 0.0791598732545239 0.7864571829742393 0.21242672684147013 0.9591862528942029 0.04620753032355096 0.7968583339510735 0.8196756741924613 0.38602800044146457 0.3192644126682551 0.9429818488344903 0.5113305273243686 0.6062962580277887 0.25366747511738696 0.37605517924716414 0.2721171996846036 0.7375670327146151 0.507177621279455 0.3154393834892818 0.11561083472649236 0.20465629074956715
0.7781547221855964 0.8965033635720197 0.7584796053724809 0.42492806452317755 0.3715506941264344 0.9867191270536393 0.22324226017557125 0.0 0.4906125186841873 0.5250411644818022 0.6338620397729198 0.315701495682881 0.7033361786360116 0.9983433556295871 0.15033868889766488 0.2532021072471876 0.41914765060424497 0.7539838737551753 0.19366754248998774 0.020739573869351324 0.9328075866126571 0.15099158280621372 0.9741440069806855 0.08035343253856131 0.502657977328735 0.2672607305422037 0.06588198481582508 0.3442121495584013 0.07145404808288136 0.23423342694011362 0.08980342224958349 0.2867442255423871 0.3332576187444919 0.35160311706569114 0.19333114510165994 0.34017215743316365 0.38940132731300325 0.41803367193866403 0.5967649826514672 0.8206850131717174 0.5080485499703806 0.7160713872527215 0.6954380941121647 0.18189904519270206 0.5621961852878106 0.140668670161457 0.9559936500654314 0.46476312128527264 0.5067755904827261 0.2825142519946384 0.028350816629651 0.8618650573561829 0.11928944648666084 0.7769472323192886 0.9946628939164847 0.8386209248189879 0.45475816909923705 0.5718562075253167 0.7132998699857805 0.06982119804398479 0.40971321001047256 0.6867743804305092 0.13983559276941848 0.5861345506219439 0.9196879711090372 0.34608601023892616 0.00439690413356808 0.9692381141083244 0.686666654213002 0.07518309190449868 0.5783327520124648 0.13236273520494357 0.4552682407075411 0.6632945374550517 0.5884971766672539 0.14730444346654437 0.6724269338376241 0.35799234931767376 0.916649114326086 0.4267184425110072 0.7365404660941871 0.23687029765367318 0.8234659246320427 0.7588468889136815 0.5386938341201327 0.8160884981176437 0.971780942395327 0.8881042539395367 0.9258921777479152 0.4126651138070093 0.10249958667542547 0.9679979398775682 0.7306373587877351 0.20982204719960973 0.6795173707123051 0.727166849484004 0.07693656655162018 0.027916643825736664 0.9575354024526579 0.41949942539693574
0.3427554101715653 0.9354231293812493 0.8796473115755736 0.12766396845014183 0.12030382970704134 0.882548301788678 0.03355019647670576 0.4906125186841873 0.0 0.36611116900691054 0.5804669030184176 0.44199543528740237 0.020033775372058416 0.793480648622785 0.48635705024194487 0.8307100946081489 0.542313896469478 0.348816755513517 0.6839059236193166 0.2694992354839729 0.26316386485846055 0.47431066090020446 0.3033813701311717 0.6518591730089581 0.5346775385068661 0.5160043984081527 0.6523702648430715 0.20399152199228576 0.018782973973074157 0.3466307400794021 0.06931214575356548 0.8631527897798368 0.30041894440966443 0.9867488532605633 0.8434818982111569 0.09611898102168392 0.39217599785309165 0.8866550550298852 0.6235479502840184 0.22779761020631095 0.1259187565787725 0.09126767955946691 0.5162424633487679 0.9246034667006188 0.8758967993819845 0.8936772484605583 0.6012784990312893 0.7297714310333738 0.3773114673093487 0.6989680901892651 0.4823801491030042 0.8423948066787232 0.18055779285016493 0.3249407616991722 0.33828455474263497 0.06495257420642353 0.36088310289768544 0.41710646652980055 0.3670819416590049 0.09867072829810897 0.6184535520307869 0.3034270942166972 0.7838773566173539 0.42257564436057204 0.46300696639098216 0.8966757554752511 0.9602335291298195 0.22559572346751744 0.7375042680121142 0.48940755570878325 0.6709028301474609 0.4499788189880016 0.4626492871652198 0.41748260265722903 0.26029868790613964 0.4911781710590989 0.9352808358248003 0.13717787532736891 0.5567107580612334 0.08191499390320989 0.9614383894387244 0.1777715335067228 0.10274041057149463 0.3265034272384528 0.6314154780413579 0.47537973805579314 0.8060287952659559 0.5823058939969845 0.3994750677383453 0.5804581000811799 0.4103016292006323 0.8505820289281953 0.5092192550645024 0.28470194744976696 0.030884245847219383 0.0045958321180815664 0.5965516248806337 0.040381687463469707 0.8761628305275808 0.23582603330079532
0.593781646606994 0.7692978015670737 0.9607249026731763 0.8467689272369703 0.2681111213921703 0.36619351101318554 0.6932011172482828 0.5250411644818022 0.36611116900691054 0.0 0.6457615803625338 0.3734076385378764 0.6904834717956309 0.7911809041656567 0.9729379270198387 0.9625378713916612 0.9968759038580828 0.4527868679968631 0.8092541920682966 0.6542616322693661 0.5555596705762534 0.35396062326414013 0.33274895245398206 0.1326065909436004 0.25363967873112725 0.6419517205130063 0.6172530832778043 0.07280064814433251 0.8795702798199935 0.27533292404525456 0.2730296246040985 0.8918751057965372 0.7506991659259701 0.8632485984618692 0.9205679451263136 0.7155719931324294 0.9206762280447245 0.8021386436754618 0.9762486758908224 0.19615265693288775 0.6812551717665782 0.32468006801782456 0.5079237754791729 0.22219516652419236 0.7851417924656596 0.4827347469115737 0.98333705060606 0.893879788659139 0.8864071534423127 0.08210809068636993 0.853214514512882 0.22441301142014314 0.2340877126808627 0.6634379450974287 0.22731375280530097 0.834360920036494 0.9038779491561161 0.6684797860542971 0.3065409069822491 0.8417791465876706 0.3998223837160899 0.740963937670451 0.26203720282222076 0.5029189181774849 0.912115611304473 0.8160462274834105 0.6422305206727036 0.9793537286652796 0.885027114816597 0.4937121326492975 0.599924475215025 0.4362357068630821 0.6347883473040915 0.20824460416258606 0.8755927458257748 0.37090472162680244 0.9131698271474401 0.2844399255926039 0.6548025880514554 0.6742986654322484 0.5770852521093353 0.5187490085882783 0.8487584341172352 0.82530461903046 0.864673412017431 0.9561027316161511 0.9871301323433412 0.884388740576485 0.41463536148358193 0.8151429907544241 0.8071034325506117 0.048789940727875125 0.6835865185247647 0.5167894961604861 0.3308913692054132 0.2851740606714105 0.5233708867543233 0.23150292966564945 0.5085418457388307 0.25538541404822024
0.08637983607432487 0.15717400964925599 0.690861462222791 0.5968565140224997 0.9490555189537027 0.39676077677353616 0.534077967013106 0.6338620397729198 0.5804669030184176 0.6457615803625338 0.0 0.193592955576249 0.3853967140912552 0.9293487304646635 0.5361747750707043 0.6078102539514548 0.3259026373051711 0.5642188775316279 0.5229280625732531 0.47779990052616517 0.9436036092975341 0.06603039917399067 0.5174425552704658 0.3551502260869719 0.938906743027606 0.02329352577041055 0.08208090067031071 0.1289985479660981 0.1090049741507011 0.1045756183880997 0.39021377266362145 0.0958454547036739 0.5106999973273909 0.9009374012945803 0.38672251385687395 0.5676444355562168 0.23790757122009354 0.4358747618775156 0.8313326853145935 0.14497375368677 0.08821235583410614 0.8243580634910792 0.38583510170427526 0.476930735072187 0.29795685065750066 0.23075328944127227 0.040877772081159836 0.26800689245837495 0.07960402876435291 0.485269007183889 0.5776663092418499 0.5731617131053403 0.44603794102230065 0.991972110980971 0.7481439536061664 0.7681351545693644 0.5103193211008242 0.2995074382226133 0.5893768687376285 0.5756080033427868 0.016499846673960428 0.16242407654528457 0.5079843219008955 0.005999774933924118 0.7929849709552372 0.7100100273183247 0.9717711525804451 0.5406881544380683 0.03301559744530458 0.45709494411418916 0.7823278904742741 0.1195760346905479 0.5527721280736789 0.09377288290499097 0.0048764720611848 0.45718889879536917 0.97590194582336 0.8476059441761612 0.07010164772650673 0.11031543355350715 0.5166517476827631 0.7916467049683492 0.3300309768590073 0.8377981839086447 0.29572451419466683 0.9329291956271096 0.03103230850887051 0.8483285173910686 0.036447678428208063 0.10514174327786363 0.09666026508213199 0.5679171219012312 0.33402995150719184 0.3646034277641832 0.5086287250278789 0.6819227087477637 0.7456105860768666 0.3679428008532083 0.056309068834936804 0.8372792105306982
0.9034899625234526 0.35561288676109826 0.6405760532548825 0.33289903862006265 0.855399471939224 0.05433574910838779 0.1804369138927302 0.315701495682881 0.44199543528740237 0.3734076385378764 0.193592955576249 0.0 0.8235049934818512 0.9527361982924106 0.8882590201287073 0.8546553261689571 0.5807796603409633 0.07077891531882596 0.14545376053830672 0.9799733099683243 0.7138784764378457 0.9648439081913948 0.7598287502694079 0.10739821337935052 0.6713341761028697 0.713777399623731 0.7204606585057501 0.24230047452635484 0.3964228169817492 0.9907761361730063 0.6085818938568252 0.8289164741023802 0.3348730498305761 0.03718025162771854 0.5019209309911493 0.37322273585528265 0.17353843682649028 0.38409269595361195 0.6833107020795802 0.9202596621973316 0.4344044041141877 0.34112099141826924 0.3032815956540952 0.7996554415096311 0.5231620296485824 0.13511291791091629 0.9262739924723764 0.13206968652563256 0.14668068248712307 0.5220444876730815 0.03936022173086795 0.5795096847806841 0.02644738740774577 0.235491575512764 0.8437191617620935 0.6824526530234942 0.2599299552977701 0.4390002075501612 0.5069378803700886 0.8621103553417496 0.6736708280471806 0.27984700584269306 0.7965585140238354 0.6220521757202765 0.3549842544367807 0.1982020427310508 0.8732043570548313 0.8666168586458292 0.7046169282590891 0.023074795170682005 0.11292480529325 0.7342852830020513 0.23865516548640386 0.8604622424068709 0.28297087926505005 0.690474669516976 0.33241827672434665 0.9086379125984765 0.571046082922969 0.24266241295650548 0.7660766681988758 0.3480701278631564 0.966887900987152 0.22281294964756282 0.694834926667776 0.455461064136673 0.6793331911035819 0.429582391324449 0.09253453528970668 0.37805632493503316 0.5587589211981109 0.7951930490805893 0.8456334686429408 0.3886222730861273 0.5141251650841484 0.940881802265821 0.959372739533005 0.4069456384586979 0.4325284273158312 0.9394203084390952
0.9399139072568866 0.7403377361840392 0.8352703133611575 0.7481665851756952 0.46566202992375316 0.19031401224815436 0.5130312042020168 0.7033361786360116 0.020033775372058416 0.6904834717956309 0.3853967140912552 0.8235049934818512 0.0 0.02891387213933605 0.8843706864950696 0.21916569639231653 0.012471933865858764 0.5974320395748222 0.35848494871447956 0.9596524972035945 0.6565234085396061 0.621852384015501 0.9572538768517534 0.232176535719265 0.9834087903991445 0.7137202288175892 0.2796411576381401 0.13803142812273428 0.5307874431384786 0.0428174033934261 0.16380625832717666 0.7534172136754884 0.7404628976441859 0.36194154551303237 0.004467529519080471 0.9032836310675846 0.5441719379201193 0.43805808231882304 0.5997187934299035 0.6326920329711622 0.15835388226060065 0.015104159099767922 0.3915232817124824 0.1622366467399372 0.008764671828132453 0.43546604070825157 0.11076091297588686 0.09819721929427516 0.9331803047669085 0.04505777894440943 0.07859790939252487 0.6373463670689535 0.598575872797144 0.8460112667366902 0.3818126454697325 0.990891432370961 0.9723684936446747 0.2942029085691359 0.45501812263020724 0.9915362205900276 0.9732976776754954 0.741047583402993 0.9601117511614865 0.27282914363602473 0.20802706919732883 0.6730929213650633 0.9906731603619713 0.792769158616417 0.7858818059590872 0.1142344170114864 0.2796700457007638 0.2911450815861615 0.33035805608321 0.3192778382289323 0.9607770518977762 0.21876311203192833 0.43370906264799713 0.33030786561283265 0.5686794070962358 0.03308298260388076 0.46987353694253575 0.4793018210070179 0.8227027028456204 0.35162002558930505 0.28293588485698995 0.7529187069294235 0.37029284400529816 0.05270414481019947 0.09134603499515415 0.9996220111758789 0.3553378559848972 0.6751927166439724 0.9220453603862262 0.32835686524168617 0.37772548653740534 0.3330823038137627 0.972160185808066 0.20627004609410304 0.046906259110456316 0.6804923264884505
0.07516390456452571 0.2306630119240266 0.02126301305854128 0.5888041201430361 0.07339363416716949 0.2381145474195766 0.2600809398612318 0.9983433556295871 0.793480648622785 0.7911809041656567 0.9293487304646635 0.9527361982924106 0.02891387213933605 0.0 0.10685446476159077 0.7759106043018571 0.8821945747029143 0.9447276477305808 0.24435074410368496 0.3436504118385063 0.46511203565993053 0.79960921915231 0.04380661526788787 0.5123291745901566 0.8968642054000701 0.8246841862848246 0.13665046739816067 0.7968152597984364 0.7191508043581811 0.13667326327864948 0.5567832136129175 0.13009638242632182 0.17663864277478514 0.5588623178428347 0.9849328899108586 0.601468785019612 0.7794130663341721 0.24769828481948442 0.5637020386570053 0.6296395348706496 0.9193198189421747 0.49303834194285534 0.5816240567953517 0.7015702484184274 0.7176244332670607 0.580382843547513 0.3777264431078322 0.00010146510536945819 0.01152807729770089 0.3598186470057887 0.523822509237148 0.42889567003416595 0.09299963379592646 0.8428640911908791 0.2889463356596066 0.28043937406721964 0.8139976707703492 0.6924108239460869 0.2598896059083584 0.5511081049206756 0.576246701621551 0.9679538784197649 0.6959559017242752 0.11882315643144026 0.14184861970555673 0.7404488634642643 0.5031999520447507 0.9326727897712109 0.5084541705737755 0.05866749112411873 0.9609631963434382 0.2983786425480771 0.6532402496729972 0.7501803579524864 0.19026312847907223 0.2603163215849412 0.06661942512614938 0.6513409905145506 0.2030124260310826 0.7677584048299925 0.520794648804584 0.32080194347843105 0.32760207962114896 0.35068278601634795 0.26338254314540244 0.33510168986949895 0.7135797405774127 0.9685951244259049 0.6761706594128557 0.7301188451612335 0.9601430313123774 0.9536534887951554 0.18354029012562723 0.9700864506258192 0.4840631283784631 0.07105688549354106 0.41642314297830296 0.9619009881345685 0.22420690525016818 0.20344444785728033
0.5307008749330194 0.9107312515962541 0.23184962634209483 0.5920494332426399 0.10931001695268039 0.5602764203497691 0.895880440896311 0.15033868889766488 0.48635705024194487 0.9729379270198387 0.5361747750707043 0.8882590201287073 0.8843706864950696 0.10685446476159077 0.0 0.9559485536690424 0.06874813445138683 0.6993393604183443 0.06682768805525519 0.8805423079189124 0.33087792579939757 0.7948676278777674 0.8272068676685038 0.44511311594281366 0.5406129816511245 0.7159697115231004 0.40328214079516467 0.9420642077738929 0.9626416775642662 0.2686044649676991 0.8856659213254326 0.730826480957694 0.05040146844687188 0.3714129593474782 0.41437802353160424 0.029825503923758268 0.2831671089256256 0.032234392865579053 0.8005211850589178 0.33645747645695023 0.29542079616629136 0.9424838850179188 0.31512658187447007 0.07519683102887187 0.40246923284834424 0.10824303618791087 0.6312564678958134 0.06848149045361795 0.19059197570455777 0.3759159665477737 0.22893148203960711 0.03577691553480222 0.4672145626283095 0.6586377522829988 0.7512914919323739 0.3419204488309755 0.25872046036635465 0.7724986436562619 0.21974795040303563 0.5876008803037296 0.17927675102550478 0.25588552703069034 0.3945827672039429 0.17794414807414982 0.2937803668517256 0.30487874668187587 0.5275219879639113 0.8893635058125015 0.5362812625377875 0.5512071640981948 0.3876838249551956 0.5133982249055733 0.833703473026002 0.9206147192664241 0.08630328797129716 0.2784466105065605 0.6090142336323936 0.8416082283436416 0.10914095240512922 0.1657619127581611 0.08249458707705604 0.8756569707357937 0.16038224510765375 0.8333098686824096 0.2099483131148201 0.46145267362920483 0.752822420697066 0.06629297108006693 0.5479304769199456 0.13256044740521133 0.318806716293488 0.41542019403897656 0.11074096198656025 0.6250443117414631 0.811098628840566 0.8063844038847426 0.682681066702761 0.4054592487536217 0.2959676492665678 0.8251658896210878
0.47262998024252456 0.18755917584523274 0.13796787593234716 0.775139663607332 0.625190878024097 0.2843433850316671 0.7348671682769056 0.2532021072471876 0.8307100946081489 0.9625378713916612 0.6078102539514548 0.8546553261689571 0.21916569639231653 0.7759106043018571 0.9559485536690424 0.0 0.7079522502016303 0.5718628688095412 0.19386728276316323 0.47404970017205594 0.1940239243879912 0.9063908653263367 0.1076449364075891 0.10074538742985861 0.9733767496235611 0.9090456483354723 0.471087914044209 0.5083670128902721 0.9506485228142004 0.1547015042566019 0.8533368454359518 0.5907729902966677 0.3403287434177855 0.5576215566264073 0.6725268578504013 0.15163160845395152 0.5229314625505047 0.5455191096489062 0.43170434912999933 0.5735129646710185 0.9318141253513011 0.12296246502471542 0.5424695824318211 0.3859584472286176 0.3940914904481415 0.004890301091125093 0.5971234255969148 0.553935413705833 0.6954729612759373 0.22427638927111693 0.8702122763665646 0.29725158104904204 0.868538152994702 0.3165716212033354 0.16035685138865097 0.23420233748153252 0.984808690219759 0.8652468094441824 0.6332624527306373 0.03903160874979783 0.2181517507334727 0.7316856834387214 0.5107442313173944 0.9011028192441836 0.5101853427317135 0.3910870887853862 0.5658504151609494 0.9628051512237876 0.7133207194752532 0.8288899198960585 0.7697168528277829 0.7530488857583695 0.3497297832987458 0.7348652961072336 0.9730659714559475 0.6703234851485194 0.16580920339427607 0.9152120146298267 0.6414756169197604 0.9744512442003844 0.7168733872277575 0.18257125797071594 0.7019356547544625 0.07010139170678564 0.8147321886726723 0.10238936438709423 0.4502110618708247 0.14191638531622297 0.6731343291956402 0.7220728266374666 0.8151337910110387 0.08552659836060206 0.7501766402108315 0.9765763436604635 0.6038667913653165 0.7939705149063511 0.5237258428696862 0.10973686829687723 0.47738754077168144 0.5782322716659559
0.5732078826113874 0.6565616749325045 0.21678229363004553 0.005134245098304957 0.3760906399901375 0.8578724708792553 0.776566562446857 0.41914765060424497 0.542313896469478 0.9968759038580828 0.3259026373051711 0.5807796603409633 0.012471933865858764 0.8821945747029143 0.06874813445138683 0.7079522502016303 0.0 0.880257312737855 0.4705341997595024 0.311276575561347 0.3533145695815819 0.6680385157340838 0.9980678510613743 0.001528694077079118 0.7580998121960054 0.3288370455289017 0.08988092854044882 0.8362982339076976 0.8594061585285367 0.8991082906852282 0.9852912012701195 0.6240065930486508 0.9981206771429433 0.9257488027930062 0.16610451010107086 0.6354337311532652 0.9011161313750958 0.14914131911752848 0.7393769998471234 0.7515093467768277 0.41966185039553827 0.4827487526982921 0.04285240726666961 0.2800798919937201 0.30092745195328807 0.6162331348283862 0.1967212294251819 0.07197623131669717 0.5706619063385443 0.2718824606246113 0.6587917900593163 0.30764420965682526 0.682193992389366 0.7740013170685177 0.36144093929659027 0.8511542475972023 0.7490143704443724 0.4992456090075803 0.7672332484337712 0.5304348129559113 0.9095985069550435 0.77854431353541 0.47829137025110535 0.48880158158765674 0.587769352819513 0.9845091907790697 0.6294841803032788 0.3175800627739568 0.022114814272371386 0.3416498152110654 0.275416285597602 0.30193814031283817 0.268939759363238 0.7185139413762074 0.15725781221079893 0.03113738655513809 0.407642226591894 0.7395275091497955 0.7300878356133006 0.01642155003061363 0.14267986783365538 0.11853528268220903 0.6524779317467281 0.9856263721149973 0.02834702080025575 0.874332155293286 0.27697868401937564 0.06549128009873295 0.4866337527620126 0.6009377919119626 0.5242515114895564 0.35063306322146426 0.7379533074244895 0.43858386800695637 0.07587023839537232 0.03159539326910854 0.2896344744285725 0.21075780371210984 0.6678703514213741 0.7809428052313484
0.16899060842176528 0.455493183849213 0.6192506654937142 0.8138811426228595 0.9039268098522686 0.6863709391906443 0.18984816154175177 0.7539838737551753 0.348816755513517 0.4527868679968631 0.5642188775316279 0.07077891531882596 0.5974320395748222 0.9447276477305808 0.6993393604183443 0.5718628688095412 0.880257312737855 0.0 0.8900231720291135 0.6986327369342213 0.8647625844705981 0.12317506882534979 0.25708108173951305 0.04172738759210759 0.35758989559768595 0.613269610694234 0.934500519561089 0.8875229329603151 0.4382503921916593 0.16338849458803772 0.9585383180645346 0.7174902701550041 0.5280619212315745 0.19716884720197148 0.781990490239577 0.8202052180028824 0.858041591196888 0.731973377321669 0.06899743111744894 0.10729308494776868 0.3254205409813129 0.8703167852326608 0.0014602035336491737 0.001990367274339433 0.20973490583142695 0.7048349238068704 0.4454232283224403 0.3965678681302336 0.757319654103918 0.6870689069652431 0.3638767324135065 0.7406399340183157 0.3691495805296584 0.14192255837297163 0.5590171369790998 0.7251872887988002 0.5858125379855871 0.31906825661286153 0.6203479265591246 0.5043853719284893 0.8616114044675853 0.9393817329356542 0.2529002005471197 0.7379801163226172 0.18120630148713457 0.1474374288425403 0.969646997678272 0.5151691089044174 0.907666930381791 0.4132134078843138 0.050711724197362584 0.7362764863926741 0.6237982017329297 0.6753040402964685 0.3684351455128092 0.5986896195301848 0.9384877526500497 0.7146913238497296 0.022128218886308004 0.8290995399407499 0.1727373195191071 0.9502369924626753 0.33129831468405424 0.1770370597226002 0.13982725671940333 0.7578441033587302 0.11502351641433439 0.13355239576834532 0.8134525370220542 0.09514107043685682 0.6115920745342392 0.7488497181592221 0.41700049389996263 0.25084603842386055 0.6552121283175559 0.3085092236263701 0.846948831421276 0.7837871632298158 0.7676548132204382 0.058895695812713256
0.80284147557092 0.5453793116498582 0.6345366514743243 0.1518254447762597 0.8362574722786562 0.4658334539009499 0.10676375163248153 0.19366754248998774 0.6839059236193166 0.8092541920682966 0.5229280625732531 0.14545376053830672 0.35848494871447956 0.24435074410368496 0.06682768805525519 0.19386728276316323 0.4705341997595024 0.8900231720291135 0.0 0.945846138161384 0.7259232635697762 0.059539693680977224 0.8288179496795224 0.04958276431947217 0.05914925763121881 0.6646078121938713 0.8022702967028782 0.7015492203234442 0.3349708217018822 0.7921309923197366 0.805012922787368 0.5520125116610243 0.9504312295898553 0.24659617329095118 0.8678676744942351 0.5483220675444168 0.0596767287582024 0.08737987665672164 0.38089926840885757 0.6194950106237838 0.39289078882590467 0.4406660522232727 0.09670797544056264 0.8935974036596801 0.11489050604325679 0.5816800824212479 0.15488459570819013 0.9611608179035742 0.9491024104054697 0.25373878736174116 0.10970005276040007 0.3610545658371519 0.6211369971237003 0.09882828107417596 0.464760042563081 0.8553782872138487 0.5384280186188402 0.25863767663801573 0.3085643560205753 0.013576725508154253 0.7992709325103484 0.5275679299197443 0.015340072588118092 0.5170065384779238 0.006613068406532863 0.9531850370897633 0.8067628186970034 0.7300046726256193 0.22356724687967966 0.75195105894809 0.36485633929340155 0.3080567777643055 0.9143736010942429 0.5615156012876281 0.8693630800818858 0.7651472592872288 0.8750680899872155 0.6373820476029366 0.11542174258787918 0.8222603747926398 0.289438813493757 0.41368586181721656 0.5162419248862282 0.7853261561041973 0.06616739977891939 0.9344988661891185 0.6823742097635059 0.9087746169796288 0.5407130477475811 0.4362028791394228 0.48316354639428183 0.5836865992882251 0.5508712023780515 0.6409169673983989 0.7271444014433067 0.6543639498954388 0.06366850955809855 0.10450112808154888 0.580692001370506 0.03131502298607547
0.18011402357405548 0.10824889989637321 0.19850323416036153 0.11453411166008032 0.24399783690190413 0.5785596208345528 0.09723535123276195 0.020739573869351324 0.2694992354839729 0.6542616322693661 0.47779990052616517 0.9799733099683243 0.9596524972035945 0.3436504118385063 0.8805423079189124 0.47404970017205594 0.311276575561347 0.6986327369342213 0.945846138161384 0.0 0.8743770480381322 0.28231496321879435 0.14260010106162613 0.5671076222656332 0.01732301121001456 0.20051447426252023 0.9301589865641272 0.17001727526921406 0.00016766822347535904 0.026475637991875245 0.5793639519009163 0.6797533383422346 0.6123091610052576 0.5618134963309775 0.6714200578339289 0.1868864033755837 0.9640806609106878 0.012294925724851025 0.3067971255390455 0.9190966172342986 0.36363114295983623 0.2441994299042185 0.5506305552135521 0.7432627197906534 0.31951720178025855 0.7004878186652557 0.9426988868709529 0.7560202609367599 0.6941188308543679 0.04619422825922037 0.2115332136713156 0.5136753559338547 0.5345146691205592 0.019502787605102267 0.11894979608699074 0.27691728515612135 0.20156553309313463 0.31114002526798257 0.4508436670837149 0.9405444774785789 0.9936564722524953 0.4183579218126554 0.9713982876970825 0.14313073362666284 0.8659794912487153 0.8266774830917755 0.6844645974560668 0.20904226844203877 0.4893426230116519 0.8114487380208308 0.00035653612523744993 0.2600502843723773 0.07493937053861932 0.47135370742975324 0.30812280157737504 0.9343568201981026 0.293787580498714 0.8739147782458572 0.5637366986527089 0.39373311768480934 0.4561235197256106 0.8716109272303272 0.6436810138780005 0.1735531970922689 0.6182230762663539 0.5711360378641103 0.2944261594208263 0.19335148518154466 0.5215209574726831 0.7673259805033951 0.72613890766554 0.512587134044422 0.2795771145818441 0.3285580838761547 0.7160067899922712 0.3972919109869757 0.353975185425388 0.016708027083523147 0.5583944597541639 0.12859241469013027
