0.0 0.5125174988528036 0.8153444906012113 0.6818738262000049 0.40679774206274044 0.1090484589888886 0.9698597023871682 0.6801351570027647 0.48815447962503855 0.39234469052127285 0.8070083649584132 0.6021923952578095 0.8618059540459991 0.716590779175891 0.24663870904797902 0.1828165398770223 0.2665062671054752 0.5049764504153511 0.8823727234743187 0.15635033942290044 0.24970196035308467 0.00729307152201486 0.3955158653035429 0.3676496154193153 0.17982927917041502 0.028513971079716205 0.5453729515950213 0.33086252025356755 0.2931378447225903 0.1383340207435445 0.407931941819767 0.09102995966761251 0.38322881000024356 0.7100530918472462 0.7287672479064365 0.6921269613438616 0.7198309942511526 0.2859286602253245 0.025483407499295785 0.4410877322460718 0.8831110474047345 0.9320979818114432 0.6801097381685458 0.0798715465611538 0.4853530122286741 0.26370718882562805 0.8089115211551866 0.3743414637378397 0.9725450247352438 0.8726865152653603 0.8362511671164641 0.8485953806497815 0.045919507309956864 0.7731259418694771 0.46459406152720184 0.947144623897259 0.6493459212562727 0.28398101309813584 0.35425271153104354 0.5258340635608858 0.39732514293564036 0.37622299172897455 0.71120422487288 0.18848466564341992 0.37479330172290726 0.3303668197932309 0.11285949727138844 0.444728473372887 0.23462995001998976 0.6738717012052453 0.35147562159804546 0.1123451567792857 0.17168294102023307 0.07052632146205062 0.28995160842914813 0.6228958899547022 0.6151095738113294 0.8776541011004056 0.6609961614831928 0.4744462425159831 0.4501994950396562 0.8078084000776313 0.5867730754315131 0.9640222589247296 0.48295410112797965 0.654916284981856 0.5041505759659451 0.41940666748738553 0.9182535893639757 0.747046468930818 0.1573845194491016 0.7881645169874872 0.3052185787448679 0.07233947592747858 0.9980831161000757 0.3649779122744581 0.36632306181459295 0.431296862507225 0.0629797673755581 0.46824253672024974
0.5125174988528036 0.0 0.7208757261863891 0.8542013616873327 0.6590049130125817 0.837521222813598 0.712817314081108 0.768228580075979 0.8276777977937748 0.6169680954007255 0.8245331690261688 0.4857490203561571 0.8841714941258787 0.5983141938278334 0.4454495463690279 0.7935576858018449 0.1465772628792179 0.500983698021274 0.49717418846818084 0.013283551622256251 0.6659621720621978 0.25254171939133074 0.4648363640464075 0.7407924222576084 0.7349129672773281 0.8204793139710636 0.4954059705905117 0.10133743743355617 0.11059745546728561 0.35120686575987947 0.6328942299332387 0.2204432254284563 0.7034201693018763 0.14801055613086722 0.8594410585269721 0.01875596673346691 0.7822011049516482 0.6697258334234212 0.7313202154318623 0.6525219721623089 0.05292024437238063 0.11462278815977178 0.7851192260897751 0.22220731450394793 0.9497381034674269 0.7220783677155583 0.5766831723463803 0.7023598046080066 0.8707455924503794 0.1256710541153344 0.2807214101315221 0.9675643956511181 0.964659246157169 0.8569483581093782 0.08730585020966042 0.3465526023905996 0.12641052850136214 0.9341712047837922 0.1656902555886649 0.5520128642942509 0.7760066724604173 0.767356555837229 0.05824104840407163 0.521590423298708 0.5139874605535393 0.010161701201778839 0.6367500215042857 0.5482495011857229 0.4726528659648548 0.6582605911479321 0.2342002543088172 0.036401665044947795 0.29947916037022193 0.1165593873588906 0.2824262406453183 0.27085127598548175 0.45683299517745 0.4971144101645373 0.5043053807033123 0.11183301197040019 0.0017313726602523616 0.4224408787108508 0.7277221322861183 0.8415819328053764 0.5021628124906337 0.40333350219324327 0.5423446329284437 0.24973486844497772 0.46543959512211763 0.5282866669252138 0.5811456208703423 0.9655785457039292 0.0734327307638627 0.13169273481519073 0.8903827344412814 0.641388832826052 0.024590386946744314 0.8598645034118553 0.09570018789596035 0.6760170670825921
0.8153444906012113 0.7208757261863891 0.0 0.6850877144456761 0.8346807056556625 0.2053143167883067 0.6668024961849143 0.997932463226095 0.3757956923174651 0.9376264420681891 0.7338086106887831 0.46004918962020636 0.554879429727958 0.3973811923559697 0.9670935116147855 0.6569809517584678 0.9851350589716484 0.9232146030391494 0.4107290739901498 0.7739086505399932 0.3289574491517324 0.10355032796118135 0.23768967174023603 0.3804822853951064 0.8455830093736669 0.1567398328505747 0.5548552427233112 0.7825239897518779 0.6019181007247246 0.9923168683997687 0.7732930703284259 0.04683841795382371 0.6810620127240724 0.8195729756109593 0.15644327253479418 0.5905097236310957 0.32029043758286635 0.5673842211069514 0.45778308839300963 0.7101274613156134 0.049512835774489394 0.8016268911598583 0.3794258656665942 0.42682935813757805 0.2667358074722861 0.37232990053767867 0.051512872563642786 0.3695646003788492 0.08664886675549843 0.9727258307524502 0.017111634532115172 0.13446672425422768 0.7910283094930144 0.7254074571592347 0.577858575282991 0.4667319665721986 0.7857480510754863 0.14953647187399255 0.029497594780760972 0.5743886981657617 0.6132973883751217 0.5099843896456676 0.4077213284552663 0.210086678877777 0.048556842393366884 0.7369302304822125 0.8602180103508352 0.2684942377052443 0.07387597428516013 0.31267039099865024 0.7735494298777109 0.13119080318273468 0.5390546834363035 0.62667277152098 0.7387355563974061 0.05673576942304992 0.1900155544071982 0.5082749371987269 0.8769822614167275 0.9700080245643512 0.43974958115656904 0.23281009346497905 0.608770931036317 0.24608940750328112 0.5152527409269223 0.41133082272110255 0.5622483916523583 0.5534984441521633 0.6070828573871015 0.8638425099013474 0.7198106891267402 0.8708359981127061 0.1445293222577242 0.2782168101383975 0.6427335303895642 0.9635147522396392 0.2917630648102555 0.9386025758985732 0.8210612446456917 0.6596672257044667
0.6818738262000049 0.8542013616873327 0.6850877144456761 0.0 0.31328394462467946 0.11833614503890721 0.9975965767669672 0.8852013957599214 0.03756532952559799 0.33589181697541304 0.5324472961030373 0.12722464355906438 0.7052257768695409 0.02880535218874236 0.7067529013618937 0.11140624341026772 0.852676823043899 0.8880517588072119 0.8037346417493861 0.2511290653331987 0.37964540721200246 0.7735307585211858 0.4692208516688158 0.10187316761180354 0.8177277364068436 0.9143969596614105 0.737963777601038 0.7757434735584781 0.796017683469357 0.7171332765183396 0.814373879125232 0.3713612018636506 0.07722358914919947 0.3505606489481723 0.4203869151069357 0.15422071743040144 0.5472397341329472 0.03717091746347323 0.5771055200190526 0.8829859530513738 0.41907636426496286 0.5917760969368496 0.30837420023310125 0.4063939013199235 0.7330513384839157 0.7290756244384513 0.41047510064233195 0.3796629602014836 0.45267201163154547 0.3452132040361354 0.20312145884923927 0.7423612295528547 0.16717010595696813 0.9146630799315132 0.113189216856733 0.7853059223294199 0.8723201893686325 0.541644031232454 0.34357522310607314 0.9480606394077704 0.6867486621100073 0.32394457094198037 0.9631831311099706 0.2355630987735441 0.6738776553018705 0.13635435300268328 0.07829181722067435 0.565835963126018 0.5700148787439605 0.27843133099069806 0.04781405144599138 0.17387725582305213 0.05780317235413435 0.8267757072554446 0.04439911859099688 0.32697186388139754 0.4166909390155833 0.9744917675578131 0.1509297050333347 0.0007518280732329297 0.2603653490776551 0.6372181406221659 0.012184762203969801 0.9255296898419579 0.8862639581340515 0.7695201640045762 0.7248742915674563 0.868854041194356 0.448695121354055 0.11687805483470959 0.23122952357147464 0.8070723911425981 0.4112091955666908 0.47175640262396246 0.9814234467124194 0.16659167344579084 0.20580993345608278 0.6503913262698204 0.7854985334006094 0.24284073486995794
0.40679774206274044 0.6590049130125817 0.8346807056556625 0.31328394462467946 0.0 0.6115816693694878 0.30614777506294355 0.8511853805889762 0.1205009847335119 0.9558203230538896 0.14683773178290727 0.10688119370680549 0.5656389201758947 0.5670454285460259 0.6208940880294502 0.564641003156481 0.4710324046954424 0.19540980305250244 0.2757353492702419 0.5232657276848062 0.07653159929927056 0.47914463865156565 0.5908114105501935 0.009974395362937094 0.5330479375570154 0.20874315031556656 0.4944461190725097 0.9002532749798484 0.9475800958889395 0.6273005708377256 0.5360945363573301 0.3171572685440436 0.711175404019983 0.702691415100496 0.3793028234408222 0.06987489290041504 0.528908476556719 0.9773380558705114 0.37927425827397343 0.6955356446135635 0.047860674299670114 0.7790071819770776 0.4547279943713448 0.35708904417940346 0.23535536982416083 0.7037053246449062 0.20277345916745615 0.010776021350403231 0.42357363413683635 0.5557994843417945 0.4019185111804584 0.2858825851005108 0.035849595289892955 0.5446905446171793 0.38848310032713307 0.41586746221605386 0.9801621239994576 0.09851637855341622 0.8486740083623862 0.9429749439443976 0.15907965195547913 0.21203022584326037 0.8741772764112749 0.4666933031659123 0.27465586675136144 0.9086763764873398 0.4191260245323719 0.37962483336619546 0.017551072477893004 0.24872382285862493 0.9229126134158224 0.7506354357621636 0.69479865508173 0.8237577611626464 0.42125869653090364 0.14749309856922566 0.9636481056796394 0.808633855065182 0.8551706526879517 0.5527387529271264 0.31612624515407883 0.6537172960231777 0.5454241481365202 0.2527254716672046 0.13386630102650188 0.9264887533535954 0.8144051975398277 0.46981804787877157 0.06866667887347266 0.6713836119116634 0.8165794088164747 0.6325024443425761 0.14991378989080584 0.23880103018813925 0.6577397667092869 0.69092592137695 0.7253530211889219 0.6028013867126012 0.27468121306177573 0.3369257196066068
0.1090484589888886 0.837521222813598 0.2053143167883067 0.11833614503890721 0.6115816693694878 0.0 0.9741052596975837 0.7775743969874146 0.20714981590721515 0.7614073289438859 0.8639716052179243 0.6063235198255678 0.40366676171171256 0.0667378634142527 0.8309929531472283 0.408408612769951 0.3864908898794128 0.44290313188060015 0.2820241736367989 0.5884191882162108 0.20861992466893398 0.22397686232248892 0.6716654112594245 0.5873510680742978 0.33598503858207396 0.9872758512539342 0.5223719387806997 0.24257010571251314 0.191155272999316 0.3744049231483446 0.8006610697109366 0.5275595438257306 0.032946244459788 0.5998108911972976 0.3034918223993427 0.6675010095951744 0.4911480563464009 0.32636909930260316 0.7077858913953966 0.3142365563760916 0.009143048700799072 0.6193333082370854 0.700513682861736 0.7277308345512327 0.3703605848014849 0.05163164876942372 0.45933502978051977 0.062061870469929614 0.014058717390889264 0.15399802368103932 0.6790953169514703 0.12450564954083587 0.21572287101261167 0.7685575316632685 0.9940254413651581 0.9260219366415254 0.8108018838283781 0.549819546881387 0.1026756092568395 0.0029746941210468947 0.9098987693721985 0.445578790470876 0.936970925534085 0.889105153526399 0.9208974041176299 0.8223100137205686 0.14725425450895735 0.5358123481504315 0.2937185150186207 0.016192971988874705 0.220918543467439 0.13181203543101616 0.7240360719553932 0.08829045884129327 0.38747963716826883 0.380521477515003 0.41958719497539043 0.8935690986547776 0.9206818397580565 0.6624206702047334 0.6937920486287766 0.000793791527804677 0.5144706468777621 0.20741817360123682 0.8888629699157953 0.021952517933895077 0.3318182292002785 0.18495975419033361 0.5006950805807923 0.011115226604511141 0.9758863491554328 0.675327387951248 0.5763299126112293 0.012239721238035295 0.05469857123971711 0.7144441287111652 0.9535071796211575 0.07312433813417007 0.7991621840876795 0.9969859133978679
0.9698597023871682 0.712817314081108 0.6668024961849143 0.9975965767669672 0.30614777506294355 0.9741052596975837 0.0 0.524266039698877 0.20274080133841665 0.8036703779994862 0.965167482208462 0.9304322166245085 0.6332526863793865 0.09121158842482824 0.336329396281117 0.7210850672303594 0.7559820004225513 0.03877771053322443 0.7471270350999091 0.21185825992058782 0.9663187754782451 0.3333909710590144 0.826837635936108 0.6802977792188256 0.9568423687232952 0.48655635177808076 0.4603092026466592 0.8503352563876642 0.9260547138476791 0.5063846551787905 0.42553438931818266 0.7235095358842991 0.5484575161741424 0.03134304593609183 0.8320006073741454 0.32389017717817015 0.37948816020514453 0.6818697942108761 0.7390102117183205 0.6004948895007107 0.3580108891850833 0.9335623189589821 0.9749738528771211 0.7208759996945909 0.7350830187683586 0.8466537128327658 0.42554774043327936 0.35937841496114975 0.01595393227903452 0.15775972716398912 0.7666372525125758 0.6573725947893178 0.20894890648537146 0.2370747757581404 0.7346948752807467 0.6240313197963524 0.9080538629560294 0.05168625188035825 0.2796945209456052 0.35815155712412405 0.6544092535927852 0.6359696973464646 0.49402450244455653 0.16058125504484433 0.05466056548905052 0.8658857746508536 0.5750949556878662 0.9262314726429789 0.6483868491253701 0.7703188847006209 0.9167643683375024 0.732312504466452 0.476497448413144 0.6257534953852261 0.05517751032679452 0.06387451402302347 0.38999812227539477 0.6173235536717908 0.5940225295378111 0.4711684300233121 0.695167669952198 0.008128088341712192 0.8790412539201642 0.8334602583479713 0.6211189943287969 0.8316445293990293 0.703193881844748 0.5189754031859347 0.09945633687559363 0.22919713171538791 0.9004944493293756 0.8003651590626302 0.0048672884629534785 0.25479986703963176 0.8338225129592454 0.42930074790489636 0.9740048632863391 0.43412486440115416 0.8580693554988543 0.5140108290305573
0.6801351570027647 0.768228580075979 0.997932463226095 0.8852013957599214 0.8511853805889762 0.7775743969874146 0.524266039698877 0.0 0.40261838008910555 0.4765789312501396 0.9626294983061767 0.3995843101366715 0.910895982852158 0.6033043305314864 0.5639068767038624 0.4244351065337604 0.135879681607601 0.15151876632679195 0.2538542039359176 0.736115645388413 0.7684004406087842 0.9188507034274928 0.5829434246241323 0.010637209431423988 0.5511212126560557 0.16898429753047328 0.5338121394117531 0.15890856343353776 0.6773628476334189 0.481849571982924 0.02131553540019615 0.9139842799564857 0.9693386240818246 0.001157509442123228 0.15995649236837461 0.5857562106437321 0.8992106734158017 0.25395985213327577 0.6504969061648188 0.4219864101343018 0.6701239214654441 0.21661248123023713 0.6206762386724682 0.2854180079567561 0.35326228269470517 0.9085085087979111 0.36721910516532874 0.4394797897059499 0.9576434989874443 0.3604821745072907 0.8797857303907158 0.5848247004877039 0.8677536942679456 0.8320153396787605 0.511373594338103 0.6341360536486113 0.031671620233665765 0.8255998300708934 0.19414456789480838 0.7839352380579727 0.6585087756043073 0.8244995813312784 0.1032812375870209 0.4976886095258385 0.14681237601478647 0.8149510403716199 0.7262838272178038 0.9250820862893941 0.9540863074882318 0.03725392942574002 0.3316082054212892 0.2005895801262837 0.5559647846814001 0.11580570072046281 0.5444806259811568 0.28596977447274885 0.4779414014197645 0.5239425179958584 0.5995065456522712 0.7758841700269041 0.8850980232925706 0.8543127742954533 0.17440373303257428 0.05301574664634545 0.8159635423662154 0.24396367012224007 0.7664866003232833 0.8410606797762835 0.7704119604621961 0.8192292033885124 0.6687782234063767 0.924960308510807 0.2561055106010772 0.5787448070760921 0.6336965892364864 0.809027426765053 0.9268202047333522 0.14667742061182953 0.04217327240023827 0.5223575204992181
0.48815447962503855 0.8276777977937748 0.3757956923174651 0.03756532952559799 0.1205009847335119 0.20714981590721515 0.20274080133841665 0.40261838008910555 0.0 0.6833287197075586 0.42262039028110343 0.8332127407968333 0.438955831546071 0.6037554224747277 0.8143301730470685 0.7959066336564601 0.616505922153993 0.42839328770208573 0.09650177983872987 0.16315277925634886 0.2641011492979566 0.5993283891365826 0.9716815817134349 0.3844834909930075 0.6024072098196424 0.45080445892466736 0.923909485540586 0.22983191194546482 0.29204287417296293 0.5140734816568842 0.5151287681079049 0.5539540790158274 0.412990205200221 0.038802344517991694 0.9195936502408114 0.4997894531828928 0.5064370054631313 0.6914502807416633 0.11493312903737929 0.691694591948667 0.533658743477537 0.3465596417147161 0.12873798693177652 0.6269338329011829 0.9726667170487333 0.7826332377127104 0.5683893095356926 0.5547306019431459 0.1992472898684271 0.5168606135007056 0.8611054192769383 0.5355704961348924 0.4997573320996994 0.4576461796904526 0.19404682349761637 0.6268508781682897 0.6980461621779548 0.268116657681988 0.009592058295557093 0.5710019047491967 0.8902621992676351 0.6096874633870998 0.02071339526222693 0.4630360522105127 0.2799371159180226 0.23945348435725378 0.6006271628671145 0.11916345545460116 0.2374144701516966 0.7053642996779246 0.13523296580406363 0.48096990727690225 0.41145390407496274 0.11063841233717397 0.07438011739135308 0.8651256726984324 0.5086221223203148 0.17689170673548504 0.25680245793529766 0.8776475745626443 0.2568421697727312 0.9109279094207574 0.24552833121566364 0.5868675363719731 0.028280837417239968 0.5001144858969623 0.48456514441590226 0.6502721335242986 0.73908126617502 0.08228471265908788 0.9089352857426718 0.6952965267869645 0.33751468256902417 0.11256317806036509 0.40799726275947934 0.03796747873387629 0.6592387106345666 0.0663974454763826 0.6802825153173414 0.6284810570678191
0.39234469052127285 0.6169680954007255 0.9376264420681891 0.33589181697541304 0.9558203230538896 0.7614073289438859 0.8036703779994862 0.4765789312501396 0.6833287197075586 0.0 0.3160544886203538 0.43698135646681735 0.6558974474860564 0.8277482312901814 0.07431595860821061 0.8937527700113295 0.4642738405193293 0.8420884822153578 0.2019957866158324 0.04030300936476516 0.1528748468322213 0.8480853143981153 0.5788051263538616 0.08688063994837458 0.3402615963462927 0.6683218013325557 0.7837840697855751 0.12167817483545884 0.16928615245415168 0.6050916632450398 0.3878451666575109 0.802730691585485 0.7176813028342353 0.06008312610897604 0.4986705324699531 0.183819003921327 0.012575120111424587 0.4078617994168058 0.37796246576709536 0.9383710237581262 0.5562748973759442 0.8017577860520059 0.4008499311633599 0.47963973861822495 0.2383008547651464 0.07758781319083308 0.12692854257682384 0.10385343439726025 0.5391651846370449 0.9265210366885884 0.009854283150920295 0.07028795823238554 0.8835602696838308 0.42490286614968453 0.07427236237780754 0.491935905770882 0.5823960829056992 0.29327764222770003 0.9733111499994322 0.15081676927718934 0.4610687833089432 0.2917762990131154 0.5636400622614869 0.27966464810523606 0.8674114444684382 0.5233561063463695 0.5745061760155318 0.1875254310181519 0.6481744465426375 0.7413760509842057 0.4938561788243905 0.7606154731042029 0.8159997590888921 0.01962324970371787 0.2741774684084496 0.05367116669934291 0.5893906828545548 0.1316765512734529 0.037037310609655205 0.4334107979927131 0.08108802896428302 0.6432704661535781 0.7590432322408059 0.8547139311321966 0.1893456065625273 0.3468346310700532 0.5340338015012277 0.7750590646682872 0.873192553163276 0.26546545190209425 0.26743209045402305 0.4151393214814446 0.5510900204390308 0.5609102637450013 0.7725359099324072 0.44241200405183134 0.059506546173655694 0.7704269491619533 0.004408081829015753 0.07380850336330591
0.8070083649584132 0.8245331690261688 0.7338086106887831 0.5324472961030373 0.14683773178290727 0.8639716052179243 0.965167482208462 0.9626294983061767 0.42262039028110343 0.3160544886203538 0.0 0.8767393348306253 0.45608890636017885 0.2401278571862957 0.34430368477482165 0.18483970019892648 0.11469515576638467 0.24966150319675973 0.32419105392230163 0.3272885319700566 0.5234816731594116 0.22006516074214044 0.7288830908965276 0.7186826860674475 0.43245327204692274 0.7378963343840637 0.46892755342057013 0.04911716862696147 0.19287955491998876 0.6496035603631213 0.7128369799582416 0.7595259895532581 0.03936635402437838 0.8048743132631851 0.37022674870438 0.926974895143837 0.4961439215739578 0.8006642167673295 0.16161309060847162 0.789578190048503 0.9903202243175353 0.011466844467672654 0.25644672156666104 0.6734440753918302 0.8704404547216108 0.7253911463520073 0.3340667496120495 0.7964006600295745 0.31746645551342123 0.38873951914864247 0.5812562801999018 0.3317366202276223 0.9206448607325607 0.43998280255136546 0.8842540063949715 0.39837997027105565 0.45102298557581744 0.4962111507733362 0.9047701213230387 0.9161344824226162 0.914677942231967 0.3105447477672951 0.9829239807578468 0.7069498081153963 0.7813664804336271 0.5905901754988413 0.04744616546492775 0.7039464759304599 0.7978265301077055 0.8977902727128446 0.5385698264986614 0.833550969742926 0.02357660753210089 0.07190999605606296 0.2513987962193659 0.9376170234347888 0.5155769927751476 0.32924028777471315 0.00047453426554466827 0.8322447749511834 0.7776278894697882 0.8720309360659122 0.041418547698689134 0.6042754564154423 0.005891213920973026 0.2615933011072711 0.49357612255880645 0.926253342073727 0.9682516381356134 0.8835514739292549 0.08739719826604808 0.2930507729023606 0.6451223736272724 0.23880784925742593 0.3692289447979217 0.677924811533479 0.4560235834844165 0.6844086049052994 0.4389115646467907 0.14914240567910164
0.6021923952578095 0.4857490203561571 0.46004918962020636 0.12722464355906438 0.10688119370680549 0.6063235198255678 0.9304322166245085 0.3995843101366715 0.8332127407968333 0.43698135646681735 0.8767393348306253 0.0 0.5418248565955027 0.638822568452956 0.8093972290578177 0.31831638813764507 0.002950840292971324 0.5130273092594896 0.349765732049768 0.6968328900034514 0.2978455837421543 0.9327557760938123 0.42446726946030755 0.37801018932090746 0.2028130613255631 0.3969651921750781 0.2898075418608863 0.5880007934418306 0.07837046403980485 0.19538653379321425 0.34536527186332566 0.3232145764859121 0.5661083921540142 0.005667676583515524 0.8799217121760005 0.05541703329924086 0.07793138912783448 0.7387490144966943 0.21690347611397165 0.5509002368412815 0.5728532346483003 0.3980688086833968 0.591893220134943 0.29133186466723504 0.08811812329330249 0.5826235932419646 0.5920438594556461 0.09015463663534384 0.6749894732979199 0.30737177439473173 0.8710346320849507 0.7926726348199078 0.9359167311963354 0.5758541464502902 0.011099247889564068 0.9533338598655233 0.6419819822964646 0.46394679735472466 0.3904718421050991 0.7219033871478918 0.8651047673843468 0.7414940651486321 0.7076711130547447 0.8127685667123912 0.9680448379614334 0.4874455528254442 0.23430166317597578 0.47564443285004876 0.2671276212760052 0.43324718778163807 0.8504309293616928 0.732417546805984 0.9680749013276367 0.9622559590223977 0.049763950283940095 0.20866553035810298 0.2609761924732257 0.0857396385294541 0.6634402315512541 0.9142984267306639 0.4842767963088507 0.3262548736794837 0.7916243738219082 0.9605336026943597 0.5964841977035844 0.6955168176300378 0.048374840609641256 0.211949903130921 0.16060914505004498 0.7661568142188953 0.09606589017097988 0.34830667072479915 0.7829384879904459 0.10869561086124757 0.1894839060947816 0.5648017449761179 0.6803346716869926 0.8456642731828967 0.6464957543914389 0.023823184437419043
0.8618059540459991 0.8841714941258787 0.554879429727958 0.7052257768695409 0.5656389201758947 0.40366676171171256 0.6332526863793865 0.910895982852158 0.438955831546071 0.6558974474860564 0.45608890636017885 0.5418248565955027 0.0 0.998501251501997 0.6691106523564481 0.7833699724938634 0.13283038835337957 0.427421255454388 0.04009869283707568 0.4153770740334993 0.23142369455908096 0.6163158468230029 0.9882351520684329 0.760011035173621 0.9723783453058983 0.6883288866535631 0.7996113612507546 0.33613312973058895 0.1399414974890958 0.8796545063781501 0.5681198209137661 0.3495530840871779 0.9148980031761722 0.5225043729939992 0.10181578240601497 0.3080972423296694 0.37701496352479436 0.05015932816390711 0.4626490904716617 0.613594504248055 0.3894042854413109 0.09573605825283837 0.5239530051568825 0.7855332570258636 0.5203415373423811 0.5062021228715132 0.5617895137712121 0.3112354093860158 0.17539556512819554 0.16712975629224613 0.38765932087240274 0.0684271214370108 0.8059423779272814 0.04891246225040835 0.2960761163829285 0.4730136026696252 0.9631079410118222 0.33602698525527674 0.17985847869035276 0.18439293991954941 0.8917833006473592 0.8716301606535564 0.8763438635699887 0.19463593678729396 0.9104078626164647 0.5605090933445498 0.3670179270666495 0.23430522413354005 0.3505117470086251 0.7467124907525104 0.727208054159203 0.9099235577017589 0.6354339809983897 0.6170192784405025 0.3105672388093237 0.5316038023210871 0.48483854341770294 0.22126981499612208 0.6215441110055826 0.34531200385839256 0.6939567767060754 0.602584624505905 0.24048164880633494 0.024771922306240368 0.15944779497994133 0.08612286552978687 0.014865893845984579 0.4557769564877272 0.013986532391869644 0.18455565402261576 0.43614266681045877 0.7110910508539543 0.07251297968387538 0.12981062318627523 0.8888477953278403 0.31147117268131674 0.508934418532934 0.14032921705448853 0.27702991320870896 0.935339795181966
0.716590779175891 0.5983141938278334 0.3973811923559697 0.02880535218874236 0.5670454285460259 0.0667378634142527 0.09121158842482824 0.6033043305314864 0.6037554224747277 0.8277482312901814 0.2401278571862957 0.638822568452956 0.998501251501997 0.0 0.8008360132093282 0.46252547605985717 0.6680157062123628 0.7272060121593558 0.17645448311510858 0.9178156024994889 0.9046128990615576 0.1319554582648148 0.7250680098890961 0.02142259991325024 0.6317721606638228 0.3752515256290856 0.6836973038269576 0.9258799087917587 0.08527451818414811 0.8461162253114348 0.8557013449789366 0.39976972479838724 0.8266838898823005 0.5715319125416993 0.29303962969638997 0.7559007708137658 0.826718375155628 0.41974384924945596 0.5191454849061521 0.9258365954403768 0.5669685005702504 0.3980340850461187 0.9022334707097439 0.7317583109898469 0.5136313927167933 0.506775378455971 0.7985692745744845 0.11048095414807302 0.17041319289332457 0.46836011961424484 0.08285491397619171 0.37473789950241254 0.7570717632846758 0.04862371699641421 0.1357025456209976 0.8718860268049051 0.7902140032761705 0.4988297353748724 0.14443803018561252 0.5531178272516393 0.3822325119851804 0.5097029416607588 0.18675615497921993 0.5964795789987128 0.9260612528413801 0.14869207920505834 0.9356636848681351 0.378629277670664 0.21495505858359631 0.6570794630524016 0.08937525417763548 0.004270559763559056 0.4406841389263928 0.5595414441941141 0.16215108427915548 0.761339466057919 0.45398564265712593 0.32516921463967263 0.8231640209255902 0.08392267518638641 0.264737972164807 0.06913541633421783 0.6235609926991528 0.6827543758154979 0.5190611103201874 0.0354941420712902 0.6806637437101771 0.3154326230218796 0.6777808664688624 0.8982037048113254 0.6182386248689117 0.7005757523122298 0.8397655337673351 0.8766448295793984 0.5771055949161223 0.862784406564974 0.9143439075395794 0.2701261117022413 0.25417733074061644 0.4072389232730902
0.24663870904797902 0.4454495463690279 0.9670935116147855 0.7067529013618937 0.6208940880294502 0.8309929531472283 0.336329396281117 0.5639068767038624 0.8143301730470685 0.07431595860821061 0.34430368477482165 0.8093972290578177 0.6691106523564481 0.8008360132093282 0.0 0.2112198424530216 0.6794334035510448 0.5681237073472541 0.5476066478301154 0.9784399947014915 0.3118138945293396 0.9824983729918438 0.3652320462798827 0.3875134241540923 0.1780593990726166 0.34508981687337703 0.23907219781995126 0.6707466609848118 0.2548577644904605 0.08924829076876051 0.6438090521828242 0.7172095236563595 0.5062414347353605 0.7643023624405669 0.9699316209522238 0.5005310777486797 0.06577534483664016 0.4306697939531551 0.19711433696121372 0.9474072409313704 0.8101529782463592 0.45546564156175295 0.16096091083841357 0.038918924289292445 0.19119734839416958 0.4654443298389581 0.5002688746256405 0.4482938639546704 0.16861725697444674 0.5863712610543997 0.580504034783379 0.43765626114130685 0.8859243793431071 0.029550820981323334 0.9444412283659858 0.34116624306856513 0.6764404435523419 0.2410460806122794 0.5367733497569146 0.4637207190661031 0.662942026903101 0.5123495566410275 0.44593642975920866 0.33782641151127457 0.1805524934196261 0.6641474764958479 0.5725135419252474 0.045329656730392354 0.7957079667872111 0.6001711881748146 0.04201486475136984 0.47857228524949835 0.8683322359488647 0.5324532964338963 0.8432074354115666 0.16489441477218747 0.9487093521785936 0.45656039046937824 0.62384779124097 0.8485766328404916 0.14064971023393935 0.2991122017233344 0.8944228253820009 0.1285114961438435 0.7376019647936434 0.19157932203707984 0.27793165946446796 0.5900027678493014 0.18284370723144627 0.13047222328988395 0.7375416912769777 0.3138961740986772 0.6524659389156181 0.8289322798033489 0.7493790572427861 0.5085841939524649 0.49267627875503395 0.772432707832455 0.17808603921709276 0.3333240153544802
0.1828165398770223 0.7935576858018449 0.6569809517584678 0.11140624341026772 0.564641003156481 0.408408612769951 0.7210850672303594 0.4244351065337604 0.7959066336564601 0.8937527700113295 0.18483970019892648 0.31831638813764507 0.7833699724938634 0.46252547605985717 0.2112198424530216 0.0 0.9034200509056126 0.5628581487053806 0.9370741747237831 0.43624307371643467 0.07273301765542273 0.014756988655267422 0.8489721995346057 0.8508585485363624 0.6053152727511723 0.6909956852077581 0.5232921484366924 0.052394172162144925 0.14877502739204918 0.9612349245555647 0.4904877356090237 0.6580947829052953 0.708957789037141 0.21275917076279005 0.7575638198723559 0.8661003364387473 0.13385718280184145 0.7269686335418954 0.7586707461331823 0.9803324214778759 0.9049667330021743 0.6647211665881629 0.8276768703088546 0.2310844364385528 0.448093997511293 0.7390121750967642 0.5061941363840543 0.48638206180626964 0.6548227559558971 0.8437068515260939 0.7334003440956238 0.5978997413878255 0.23543046900365017 0.09220604699134527 0.1749304700581703 0.4386141763539839 0.7966650915738979 0.942135925267933 0.7525428512740395 0.3763241524792973 0.550765332786972 0.8697727375720707 0.9738043478802538 0.4457881072974552 0.9660522561166922 0.1761386940709908 0.9876846762023456 0.7494856310999043 0.25646700724719573 0.1146121709971254 0.9213125335907617 0.26741354356050084 0.43955546605286444 0.6847813777929529 0.7349955913827537 0.7450497120992573 0.7051594657263485 0.9729067324727054 0.41795776131714824 0.6218908952777967 0.26838541262013416 0.6668504135030723 0.9322431977247625 0.7423648612400738 0.4426574171993941 0.3949243283933692 0.7509206520155608 0.6996653796664667 0.7637857991793892 0.06940607655535835 0.13911095113561867 0.7273706470896957 0.9285860580037558 0.24981838716927096 0.2791633657537198 0.5380574350493263 0.8282421455193355 0.9034409364641696 0.2189225526829487 0.8029288577010146
0.2665062671054752 0.1465772628792179 0.9851350589716484 0.852676823043899 0.4710324046954424 0.3864908898794128 0.7559820004225513 0.135879681607601 0.616505922153993 0.4642738405193293 0.11469515576638467 0.002950840292971324 0.13283038835337957 0.6680157062123628 0.6794334035510448 0.9034200509056126 0.0 0.8442646241489626 0.18210014846486755 0.08097951813739779 0.21850043162122135 0.6046733192532863 0.9323083320567672 0.8371346710402795 0.17595887315357217 0.768978196812708 0.7135476909858182 0.1746491383415294 0.5085840325543779 0.09434067581457484 0.4778093557324956 0.7419466484796529 0.0030274461682714415 0.8850671583454951 0.6866808631578426 0.4363799059024971 0.2766317116332859 0.23997132900218643 0.3392665015770393 0.3414440342449375 0.0773292304179074 0.8574363292354217 0.42541332176336255 0.7072826977065231 0.11581787330958815 0.7153206417142196 0.10512686936092219 0.8185033828803799 0.8353991123959615 0.31714773760382353 0.4723049471303169 0.67200192817711 0.14661922085851997 0.5843347042068113 0.25593009935533884 0.39134341400638706 0.1763040796083627 0.8488781523903466 0.14500055890084673 0.20285747670429022 0.7120275721729276 0.09160051069081077 0.4623979358392941 0.8396820478808561 0.7669819547593136 0.2650929779962904 0.025399532616702136 0.990402137470604 0.4298571812527572 0.5600270379280574 0.2607976612267725 0.738822190901152 0.46027460228063843 0.033827022852275346 0.7422151075033524 0.94016159906837 0.4471151659157807 0.8184786334423692 0.8955733547838131 0.056640495610145836 0.31934783994854776 0.9506383179235717 0.7814025568481054 0.6270315678266126 0.029063007005181274 0.48554645044433353 0.5339238766798695 0.5017210738647374 0.7669431060739078 0.7497331918561272 0.27673133888126134 0.9316894885046603 0.3114615143763356 0.8688085407193415 0.6635031436181335 0.16377265300664667 0.9104334956803587 0.3223460312488087 0.3342378956412545 0.48829320710756485
0.5049764504153511 0.500983698021274 0.9232146030391494 0.8880517588072119 0.19540980305250244 0.44290313188060015 0.03877771053322443 0.15151876632679195 0.42839328770208573 0.8420884822153578 0.24966150319675973 0.5130273092594896 0.427421255454388 0.7272060121593558 0.5681237073472541 0.5628581487053806 0.8442646241489626 0.0 0.31295309312260966 0.27794298201952805 0.03840301902441212 0.5058548683007896 0.21360843050992062 0.7949015127050086 0.3456627264471386 0.8362000408890772 0.7096996231210968 0.28648183322985055 0.6107742692975083 0.0707480360555246 0.616945540897666 0.9871861208523456 0.9213938914647808 0.4465178477638425 0.2513407270541551 0.10564729339298873 0.9926670697626366 0.7778527683576798 0.1507234869923294 0.3907732617223103 0.573390661874726 0.13270878082733317 0.6521221562330494 0.7946329622519737 0.019586047208589474 0.17557462127689627 0.21726668467665022 0.7148958579404306 0.48810466042851763 0.6013067657177679 0.31535092055526404 0.5633940279354189 0.4181591241347987 0.15662140236655842 0.7453288582295697 0.2518117452699391 0.887377353820936 0.4935698290291729 0.8418276851657412 0.8246965304855858 0.6855112087928341 0.24630872151915917 0.6207054564590377 0.9901734395735835 0.9484382212166002 0.17734719157944723 0.4011419030371125 0.3993987545271087 0.7212455173279911 0.929045149700922 0.5508526853967186 0.9307083793431452 0.779262457915369 0.9485698734446713 0.2672332905703555 0.24247781840408456 0.042984006396111774 0.6966915658854753 0.36985122614774857 0.99901136916924 0.8930008336756836 0.04368925979283356 0.8454538547915693 0.1594607911870174 0.5369357414423744 0.2789554959011201 0.6239714952115706 0.4469742976325881 0.3038362843467315 0.9512255540569649 0.0948613344740804 0.5754963885924715 0.5814395136863563 0.8542042952082982 0.12807085043053346 0.6773916213942326 0.7930344869086258 0.8947005859342003 0.25142932155822995 0.8683375539772453
0.8823727234743187 0.49717418846818084 0.4107290739901498 0.8037346417493861 0.2757353492702419 0.2820241736367989 0.7471270350999091 0.2538542039359176 0.09650177983872987 0.2019957866158324 0.32419105392230163 0.349765732049768 0.04009869283707568 0.17645448311510858 0.5476066478301154 0.9370741747237831 0.18210014846486755 0.31295309312260966 0.0 0.32681222574964675 0.13953221063472498 0.4829488361358858 0.13600197919060586 0.32762296595771967 0.28798247484792283 0.8312080425109706 0.9054679338891248 0.86941516567581 0.33257905311269775 0.4224276544302611 0.17228012837519047 0.9817410520134707 0.8050725965714025 0.9589183466323363 0.1273241796529183 0.43330789923592405 0.2961992977348826 0.6292151721044446 0.8579204771457996 0.4115334377045812 0.5705747938797335 0.5676380733878236 0.8391118043949798 0.27830658784114093 0.47813152222195643 0.7460057177074965 0.3380280926279178 0.01208824183071866 0.16976116351357495 0.8383249734116773 0.22955844906432876 0.9564071571552483 0.6071973594135865 0.04795502742328761 0.13221276381399716 0.25261111514983225 0.5205838904338009 0.3765813156022805 0.3563563676592554 0.35350179822718253 0.05207149639353148 0.3734127875810662 0.7151226000735554 0.5516745294451307 0.0008503256186794816 0.16009375922924363 0.42227102479637313 0.9817339039593905 0.81800345074683 0.4974178946026059 0.8207236235018998 0.8896920143745348 0.8553693466100563 0.6639908329663942 0.21857485175577007 0.7685916429677749 0.13835174202188827 0.9667286494325444 0.4504448439360452 0.030906961960908252 0.8960018249107404 0.3544723438769207 0.011493540377812361 0.6536727063160617 0.271380351109307 0.002004262420351788 0.9291472558564662 0.13680470514782805 0.412391921549244 0.5264812875813262 0.39720913332062935 0.020245223637252008 0.7014501181519052 0.21675810385562921 0.5131963344212891 0.32707391470242075 0.8798986816276075 0.7053429684228333 0.7294847802702225 0.4994442101098516
0.15635033942290044 0.013283551622256251 0.7739086505399932 0.2511290653331987 0.5232657276848062 0.5884191882162108 0.21185825992058782 0.736115645388413 0.16315277925634886 0.04030300936476516 0.3272885319700566 0.6968328900034514 0.4153770740334993 0.9178156024994889 0.9784399947014915 0.43624307371643467 0.08097951813739779 0.27794298201952805 0.32681222574964675 0.0 0.20783112992971486 0.07160011689702506 0.7547691150310201 0.07645813011390035 0.6213843705869735 0.8321871059036848 0.45830798099291936 0.8386721374997452 0.22528246850825795 0.5463135170515411 0.9230097449733439 0.09737223443007514 0.06560110584612411 0.9336441506358601 0.5174966260856976 0.022418052363964325 0.9697766955608953 0.9330591792861322 0.6625446815109435 0.007173656748296842 0.1056691670851666 0.8886394792510018 0.09589247548984825 0.6033685911554996 0.6744942826184104 0.13582927262187572 0.7550587284540573 0.9678834374545061 0.884466042588127 0.06973327053372225 0.013504939341780098 0.8867112480815837 0.1120789427864678 0.18640199927342083 0.10415797205823485 0.6556925359850461 0.9728076593970549 0.023093349408698116 0.6833143930383527 0.18588515833177988 0.6859366411706789 0.8109854600219406 0.8292088994973118 0.3827193975201211 0.9624424337754991 0.8835254212962059 0.3437169352082037 0.49883487895338585 0.6674068457165995 0.6668608574265046 0.693748524864237 0.962778576840858 0.5929315672378351 0.06898121590936768 0.6104991151054334 0.686900073554481 0.08824828384940431 0.5085183427559858 0.8705507801910064 0.8424008081204701 0.7933596636126592 0.39676703860713125 0.7862764200651406 0.6772047026436216 0.6190685004496436 0.2587478810284234 0.6709108939637928 0.8617488692025629 0.2801881756937845 0.2805246613221317 0.8117924515514775 0.26303041095207313 0.8834046083099464 0.7546856186685947 0.7781539649983747 0.9870930789078389 0.677286293954117 0.2731318996796386 0.7131670265192528 0.4372324956196737
