0.0 0.21300346115434365 0.6579476651540286 0.21527799410997506 0.1652511655579202 0.693673337412351 0.9136409533949948 0.4376097609443784 0.8031698211099058 0.12832391939132737
0.21300346115434365 0.0 0.5907993364307276 0.4394550591868922 0.17771963596468587 0.8145081055063622 0.7536147124599497 0.10577800235180868 0.16480594337627252 0.4022332720859656
0.6579476651540286 0.5907993364307276 0.0 0.264961784575957 0.9749266341265708 0.8751852470814186 0.3729234848564803 0.05059952183586003 0.46441641564737857 0.5916681493852606
0.21527799410997506 0.4394550591868922 0.264961784575957 0.0 0.3010776824027992 0.44446446374586523 0.5180469791343428 0.09576342444049146 0.1640621086971097 0.4193264376789504
0.1652511655579202 0.17771963596468587 0.9749266341265708 0.3010776824027992 0.0 0.10138114948997101 0.9106801866196305 0.7130257260542732 0.08441252462771376 0.6578956147949434
0.693673337412351 0.8145081055063622 0.8751852470814186 0.44446446374586523 0.10138114948997101 0.0 0.2612692201849456 0.1299248337114618 0.6532404434070668 0.295989404870302
0.9136409533949948 0.7536147124599497 0.3729234848564803 0.5180469791343428 0.9106801866196305 0.2612692201849456 0.0 0.16212252148822315 0.47321936485785865 0.7169473057568014
0.4376097609443784 0.10577800235180868 0.05059952183586003 0.09576342444049146 0.7130257260542732 0.1299248337114618 0.16212252148822315 0.0 0.055090586746429304 0.2404820479557256
0.8031698211099058 0.16480594337627252 0.46441641564737857 0.1640621086971097 0.08441252462771376 0.6532404434070668 0.47321936485785865 0.055090586746429304 0.0 0.9963300864613727
0.12832391939132737 0.4022332720859656 0.5916681493852606 0.4193264376789504 0.6578956147949434 0.295989404870302 0.7169473057568014 0.2404820479557256 0.9963300864613727 0.0
