0.0 0.3631777947507995 0.7394760302551853 0.056256414947137734 0.5701440934170595 0.04707826127347026 0.487164762662174 0.1726696149863588 0.014916902895571127 0.5656601223835326
0.3631777947507995 0.0 0.8035865926076524 0.40231035698935513 0.6273793339207716 0.11315406516635373 0.5346324115410337 0.04443314507130347 0.42609894965561457 0.1414132551158801
0.7394760302551853 0.8035865926076524 0.0 0.8753541593006959 0.07968482563316726 0.3159138571246042 0.9027459017681644 0.342844360024146 0.947834809550362 0.21811308494542425
0.056256414947137734 0.40231035698935513 0.8753541593006959 0.0 0.5615370014428013 0.20205112079333198 0.0902278493585611 0.27137821521651073 0.6073713632903985 0.7858459339365362
0.5701440934170595 0.6273793339207716 0.07968482563316726 0.5615370014428013 0.0 0.6441033337997846 0.04507229787031153 0.8170804256713444 0.4069722582090839 0.8595701495431248
0.04707826127347026 0.11315406516635373 0.3159138571246042 0.20205112079333198 0.6441033337997846 0.0 0.9997459417737117 0.058741770693969686 0.8239803679153187 0.4412282421779966
0.487164762662174 0.5346324115410337 0.9027459017681644 0.0902278493585611 0.04507229787031153 0.9997459417737117 0.0 0.3702304364890753 0.01867445327604489 0.7252297380286089
0.1726696149863588 0.04443314507130347 0.342844360024146 0.27137821521651073 0.8170804256713444 0.058741770693969686 0.3702304364890753 0.0 0.8742176030498 0.266618424995825
0.014916902895571127 0.42609894965561457 0.947834809550362 0.6073713632903985 0.4069722582090839 0.8239803679153187 0.01867445327604489 0.8742176030498 0.0 0.9275371911414623
0.5656601223835326 0.1414132551158801 0.21811308494542425 0.7858459339365362 0.8595701495431248 0.4412282421779966 0.7252297380286089 0.266618424995825 0.9275371911414623 0.0
