0.0 0.8650042010707334 0.19840049182706454 0.9252621132333343 0.4809849953240568 0.583158149328204 0.47300348382395485 0.9376503295875104 0.20392640202325385 0.8428119689831004
0.8650042010707334 0.0 0.16117261559613794 0.781390698962208 0.08357356253437231 0.8136704266036445 0.2331910989572148 0.15144961912548993 0.9533909727638259 0.8212472479469958
0.19840049182706454 0.16117261559613794 0.0 0.7368139221972644 0.38510181982383973 0.05368254176776899 0.1586945633270097 0.19719179401462206 0.6349209408637609 0.11211026414886405
0.9252621132333343 0.781390698962208 0.7368139221972644 0.0 0.30632500572446686 0.1830567413548212 0.3711351240910161 0.30403018043577945 0.3662018481945897 0.46252748652302855
0.4809849953240568 0.08357356253437231 0.38510181982383973 0.30632500572446686 0.0 0.4236950006296004 0.6803193502870877 0.9473630676265293 0.714540855860741 0.09890533629837728
0.583158149328204 0.8136704266036445 0.05368254176776899 0.1830567413548212 0.4236950006296004 0.0 0.18566957941196238 0.9952176159237486 0.8324973848080701 0.14968073613025856
0.47300348382395485 0.2331910989572148 0.1586945633270097 0.3711351240910161 0.6803193502870877 0.18566957941196238 0.0 0.2836030465185032 0.14169433802261966 0.6563809297286244
0.9376503295875104 0.15144961912548993 0.19719179401462206 0.30403018043577945 0.9473630676265293 0.9952176159237486 0.2836030465185032 0.0 0.32018321273082284 0.45749558235171595
0.20392640202325385 0.9533909727638259 0.6349209408637609 0.3662018481945897 0.714540855860741 0.8324973848080701 0.14169433802261966 0.32018321273082284 0.0 0.35756048731040024
0.8428119689831004 0.8212472479469958 0.11211026414886405 0.46252748652302855 0.09890533629837728 0.14968073613025856 0.6563809297286244 0.45749558235171595 0.35756048731040024 0.0
