0.0 0.34751372633483957 0.46045027138399286 0.5430465287684808 0.50623659824211 0.8395650393033894 0.4505344972401123 0.07859422302042807 0.16954274388651558 0.33700728295317217
0.34751372633483957 0.0 0.6972597828943903 0.7879373008141919 0.16278099238382115 0.18166202178472046 0.9385271306259179 0.727116511865479 0.09130197700010445 0.7946399384106746
0.46045027138399286 0.6972597828943903 0.0 0.4680507281719627 0.08204144977365835 0.26034737981628686 0.38904626820655386 0.2994238894575677 0.6231007209911947 0.5370433881065855
0.5430465287684808 0.7879373008141919 0.4680507281719627 0.0 0.8113135512432664 0.3099415722654755 0.6918551066586296 0.10512938932282445 0.3498923934597634 0.9172973771517728
0.50623659824211 0.16278099238382115 0.08204144977365835 0.8113135512432664 0.0 0.8304292691267113 0.049561916122750294 0.3912929859555112 0.18178258099047018 0.7774916422781092
0.8395650393033894 0.18166202178472046 0.26034737981628686 0.3099415722654755 0.8304292691267113 0.0 0.678866731429338 0.867423692102243 0.45554543001929204 0.04080219580678468
0.4505344972401123 0.9385271306259179 0.38904626820655386 0.6918551066586296 0.049561916122750294 0.678866731429338 0.0 0.7874611516998201 0.9235483663655498 0.7837596670480586
0.07859422302042807 0.727116511865479 0.2994238894575677 0.10512938932282445 0.3912929859555112 0.867423692102243 0.7874611516998201 0.0 0.7810792823148038 0.7548535839908841
0.16954274388651558 0.09130197700010445 0.6231007209911947 0.3498923934597634 0.18178258099047018 0.45554543001929204 0.9235483663655498 0.7810792823148038 0.0 0.4607805165669604
0.33700728295317217 0.7946399384106746 0.5370433881065855 0.9172973771517728 0.7774916422781092 0.04080219580678468 0.7837596670480586 0.7548535839908841 0.4607805165669604 0.0
