0.0 0.543732004936272 0.9456624173891715 0.1761675006683009 0.660500741500145 0.6356530017819387 0.7832158525885963 0.631174252468714 0.39263343281208507 0.4958626573590674
0.543732004936272 0.0 0.7571355937767372 0.7758183254596234 0.5387883213929417 0.18317868239398272 0.12997953133801965 0.1745638900977361 0.9090419885095481 0.7758832891646169
0.9456624173891715 0.7571355937767372 0.0 0.00878601432895909 0.010528708328402692 0.7751520969248027 0.33475124518542143 0.31299110308924993 0.6767394858375284 0.7648821411322763
0.1761675006683009 0.7758183254596234 0.00878601432895909 0.0 0.9838656889452386 0.4600551757913244 0.6265694178790604 0.4694342874123104 0.1478910511438849 0.2634277482921833
0.660500741500145 0.5387883213929417 0.010528708328402692 0.9838656889452386 0.0 0.5064795251155966 0.4066389462797717 0.33122731998669985 0.43639711451288954 0.9336482755331521
0.6356530017819387 0.18317868239398272 0.7751520969248027 0.4600551757913244 0.5064795251155966 0.0 0.09761223602296709 0.3576557378039874 0.2279840812061087 0.2081727424836235
0.7832158525885963 0.12997953133801965 0.33475124518542143 0.6265694178790604 0.4066389462797717 0.09761223602296709 0.0 0.27089048670315685 0.13015189650950099 0.6935129891169226
0.631174252468714 0.1745638900977361 0.31299110308924993 0.4694342874123104 0.33122731998669985 0.3576557378039874 0.27089048670315685 0.0 0.18407217620848093 0.6230412994050533
0.39263343281208507 0.9090419885095481 0.6767394858375284 0.1478910511438849 0.43639711451288954 0.2279840812061087 0.13015189650950099 0.18407217620848093 0.0 0.28888381762740456
0.4958626573590674 0.7758832891646169 0.7648821411322763 0.2634277482921833 0.9336482755331521 0.2081727424836235 0.6935129891169226 0.6230412994050533 0.28888381762740456 0.0
