0.0 0.7079258925473476 0.6441294602689095 0.268430058351524 0.06695385650447383 0.2941653881628056 0.9848514458789989 0.6067686222575274 0.5490083464495659 0.10522070211757062
0.7079258925473476 0.0 0.671528017480914 0.6003326612993356 0.9323904540827554 0.603997516553062 0.7978801687328904 0.47170372012909256 0.5462767963568834 0.422220566524415
0.6441294602689095 0.671528017480914 0.0 0.7122039823419535 0.2612053994564143 0.3861491875111518 0.4173204112240787 0.1704108420466578 0.16413400936248757 0.7199218640851875
0.268430058351524 0.6003326612993356 0.7122039823419535 0.0 0.09949214915099824 0.4671883928593539 0.8013699668139017 0.3627126072876682 0.6322171258876863 0.6278491719242312
0.06695385650447383 0.9323904540827554 0.2612053994564143 0.09949214915099824 0.0 0.6482084500502124 0.6283862666370102 0.24529190645380616 0.01326511109138373 0.21806373438900617
0.2941653881628056 0.603997516553062 0.3861491875111518 0.4671883928593539 0.6482084500502124 0.0 0.6059117158585458 0.6562749753939146 0.9727591551336411 0.25935622822419424
0.9848514458789989 0.7978801687328904 0.4173204112240787 0.8013699668139017 0.6283862666370102 0.6059117158585458 0.0 0.7775678709394155 0.06771041544346668 0.5150156131542089
0.6067686222575274 0.47170372012909256 0.1704108420466578 0.3627126072876682 0.24529190645380616 0.6562749753939146 0.7775678709394155 0.0 0.2520511066423716 0.16555604186748862
0.5490083464495659 0.5462767963568834 0.16413400936248757 0.6322171258876863 0.01326511109138373 0.9727591551336411 0.06771041544346668 0.2520511066423716 0.0 0.4086163856777518
0.10522070211757062 0.422220566524415 0.7199218640851875 0.6278491719242312 0.21806373438900617 0.25935622822419424 0.5150156131542089 0.16555604186748862 0.4086163856777518 0.0
